CHR	POSITION	IHS	LOGPVALUE
1	31104	-0.860553232030976	0.409510207424344
1	31410	-0.860553232030976	0.409510207424344
1	40663	-0.860553232030976	0.409510207424344
1	52322	-0.860553232030976	0.409510207424344
1	73671	-0.860553232030976	0.409510207424344
1	74017	-0.860553232030976	0.409510207424344
1	82174	-0.860553232030976	0.409510207424344
1	83228	-0.860553232030976	0.409510207424344
1	83264	-0.860553232030976	0.409510207424344
1	84317	-0.860553232030976	0.409510207424344
1	85211	-0.860553232030976	0.409510207424344
1	85278	-0.860553232030976	0.409510207424344
1	87126	-1.09818279794479	0.565232074767182
1	107180	-1.06528918635063	0.542504017834488
1	109428	-1.06528918635063	0.542504017834488
1	132074	-1.06528918635063	0.542504017834488
1	136286	-1.06528918635063	0.542504017834488
1	303924	0.286666992594798	0.111052987209033
1	698027	0.614335310256861	0.268416251595329
1	715530	-0.0733038985809915	0.0261500212751539
1	732150	-0.768947883958235	0.354652166810698
1	755389	0.701922927668307	0.316298202884965
1	758101	-1.28583769960076	0.702240123189752
1	773113	1.37288810915749	0.77009522316195
1	807015	-0.113963647947366	0.0413087565561852
1	814587	0.0176057593864734	0.00614362773358805
1	844126	0.609228792671267	0.265702100005642
1	855001	-0.961174856161329	0.473061065149818
2	23546	2.31035084711017	1.68050381337959
2	23946	2.21908303433864	1.57706437174465
2	40644	2.09368482319525	1.44023617989848
2	41909	2.81985888824543	2.3183538622434
2	55683	2.075520435594	1.42092182565152
2	60284	2.08346201373917	1.42935047582621
2	65095	2.0033941998489	1.34548661534935
2	65932	2.80531864415561	2.29871824576237
2	98233	0.596631724067349	0.259042903073639
2	98242	0.596631724067348	0.259042903073639
2	98245	0.596631724067349	0.259042903073639
2	111770	0.505103883568376	0.212195432911212
2	113740	0.720753134403313	0.326922468109545
2	115723	0.752461814181461	0.345079357560973
2	129854	0.324815573223272	0.127656841657304
2	136116	-0.11591534511606	0.0420482706353996
2	146433	0.718409605132323	0.325593806429715
2	151591	1.02914585902332	0.51796847884914
2	159333	1.03096785890018	0.51919438454894
2	160241	1.43645042748024	0.82138498320169
2	161404	1.53376678197511	0.902787691932843
2	163139	1.47299352867558	0.851543016397289
2	163180	1.47299352867558	0.851543016397289
2	165521	1.74697664064497	1.09344199414091
2	166835	1.47147865902741	0.850283074642509
2	166888	1.75479906293638	1.10076140455078
2	167214	1.47487585593222	0.8531097564166
2	168270	1.47487585593222	0.853109756416601
2	168439	1.95811372808871	1.29915209643326
2	168473	1.95811372808871	1.29915209643326
2	172043	0.325752843153065	0.128070342413826
2	172561	1.01817178987455	0.510609252591551
2	173072	1.26383274835031	0.685521688885343
2	181477	1.41097369104885	0.800649772724427
2	181650	1.41097369104885	0.800649772724427
2	181854	0.992745106208912	0.493719360536088
2	182024	0.992745106208912	0.493719360536088
2	185029	1.19720433017426	0.635961600976363
2	186225	1.33495559102888	0.740189072162567
2	187750	1.33495559102888	0.740189072162567
2	189352	1.19809280158319	0.636612010409011
2	189948	0.824338000315781	0.387483653118463
2	195761	1.31124411960549	0.721760311342626
2	198179	1.23597627250651	0.664607532138601
2	198180	0.81820367194792	0.383796702532264
2	202948	1.15598446482177	0.606095890254623
2	229557	1.18071094118646	0.623938711371259
2	230196	1.17232594444901	0.617863643550945
2	232084	-0.46782458966652	0.193881079565063
2	237046	0.248199350086006	0.0947546633443687
2	237908	0.757656555995377	0.348085926329502
2	241490	0.757656555995377	0.348085926329502
2	249335	-0.0731656866757742	0.0260992953646886
2	267621	0.754791890540885	0.346426823759228
2	282383	0.651313763399666	0.288324373219596
2	282713	0.697207635806478	0.31365616385928
2	283102	0.697207635806478	0.31365616385928
2	283330	0.169425646849642	0.0627520703671599
2	283543	0.169425646849642	0.0627520703671599
2	283672	0.169425646849642	0.06275207036716
2	287664	0.71099332730899	0.321401169442869
2	292951	0.688401402234426	0.308741605571045
2	296881	0.601004148613338	0.261348462684732
2	301577	0.795091031347694	0.370019310955941
2	304525	0.681451333807802	0.304881013995378
2	305137	0.671398160763213	0.299324905452198
2	327378	0.908740604576069	0.439511038831573
2	327578	0.701623997335717	0.316130489885383
2	336076	0.65588985970629	0.290819118291505
2	352109	0.638159654687976	0.281191376561858
2	356342	0.208494278906304	0.0783951643321651
2	359393	0.695554720361089	0.312731755178749
2	365814	0.680505784029887	0.304357015947215
2	381947	0.216596752356852	0.0816956317670672
2	386699	-0.82218950158144	0.386190880500397
2	388085	0.108184772062793	0.039125500044282
2	398419	-0.157448547477071	0.058045874716545
2	411698	0.214376189482615	0.0807891760731879
2	411968	0.21388510125904	0.0805889058855558
2	416247	-0.945419834977752	0.462880644991665
2	423427	0.100199200134249	0.0361242930789986
2	430031	0.540476394929299	0.229981650262632
2	463571	-0.101494076173726	0.0366097057594028
2	465440	-0.147197473781494	0.0540510247403625
2	545038	0.437934560318864	0.17951366732231
2	557007	-0.0547475856094984	0.0193878795498849
2	561273	-0.173818922040202	0.06448881792304
2	570663	0.639760362932759	0.282056355715233
2	577564	0.585336038405235	0.253115424495177
2	584178	0.625430494892537	0.274342689842507
2	585521	-0.303056891189685	0.118132519888457
2	588254	0.529380254551005	0.224359197708893
2	589928	0.529380254551005	0.224359197708893
2	611546	-0.0260874966722626	0.00913411710696119
2	620053	-0.0260874966722626	0.00913411710696119
2	645307	0.584784914618897	0.252827276045828
2	654388	0.0926448241962373	0.033301913508755
2	657007	0.329565037539023	0.129754949171315
2	657159	0.601159391526972	0.261430435615223
2	675350	0.601159391526972	0.261430435615223
2	681722	0.813126483873341	0.380754751765486
2	681862	0.813126483873341	0.380754751765486
2	685966	-0.081082735428757	0.0290137052209278
2	685967	0.365380791836631	0.145798944139246
2	686016	0.217923457487171	0.0822379019382396
2	686144	1.22290970693861	0.654893394957957
2	686164	0.359862393527042	0.143301287094045
2	686168	0.359862393527042	0.143301287094045
2	703900	-0.283145277322576	0.109542386421958
2	715999	-0.264779728947345	0.101725164239092
2	746853	0.847116756844285	0.401286025573874
2	750166	1.42585224646228	0.812730351149222
2	785378	-0.9763588275381	0.482953719007555
2	801683	NA	NA
2	801698	-1.49847444226327	0.872862702021627
2	822759	-0.636889271473455	0.28050549248167
2	867406	-1.1014773589382	0.567529467477391
2	867690	-1.25024438430131	0.675284931596412
2	868610	0.33397197897386	0.131707898276943
2	882846	-0.608054767019919	0.265079295803777
2	915396	0.512931977422434	0.216097203626358
2	919021	0.670928458773409	0.299066128201856
2	927445	1.66307707297	1.01638720374947
2	928068	3.39228509804361	3.15918981851979
3	7056	-0.792997294456733	0.368780133919675
3	10626	-0.792997294456733	0.368780133919675
3	15813	-1.69198590412735	1.04263860526124
3	15997	-1.03737489572996	0.523514477034638
3	16876	-1.27081090053467	0.690804493800759
3	22643	-1.21571334722754	0.649569504069008
3	23276	-1.21571334722754	0.649569504069008
3	23846	-0.987699429812177	0.490394464857174
3	26099	-0.989937163863796	0.491867949457163
3	26125	-0.989937163863796	0.491867949457163
3	27895	-1.22289332994044	0.654881258138826
3	34627	-1.21153014160345	0.646483277009401
3	36296	-0.979938609376986	0.485297651223066
3	46834	-0.264129543796002	0.101450271886071
3	50708	-1.60395422515687	0.963674007397468
3	58804	-1.00003629696054	0.498539587633298
3	76579	-0.300053278862818	0.11682904599888
3	78940	0.23320949947567	0.0885234593146872
3	89160	-0.64954894543875	0.287364084387268
3	94523	-0.914372392545829	0.443069188182961
3	94806	-0.648236455819732	0.286650582506908
3	95613	0.222244754183224	0.0840077774163776
3	96554	-1.45855461507966	0.839568288483008
3	102291	-0.430546882969813	0.176005795856643
3	103469	0.776356170147302	0.358983511845652
3	103639	-0.738597795957813	0.337099381619611
3	103794	-0.74080351641497	0.338364680242152
3	103948	-0.453237092288746	0.186834140613738
3	104045	0.21143500277069	0.0795907985748791
3	109686	-0.443452163297147	0.182144726428637
3	114518	-0.629683814976968	0.276625222698798
3	115087	-1.38504743537531	0.77979260262101
3	115535	-0.733907879436209	0.334414427351188
3	118260	-0.38091323054891	0.152879368907409
3	127366	-0.660413957392089	0.293292270758995
3	134908	-2.1208017253222	1.46930746569069
3	135390	-0.777591623670861	0.359707625962722
3	135391	-0.777591623670861	0.359707625962722
3	138894	-0.823518129177808	0.386990144411986
3	145262	-0.935755670426702	0.456678342014157
3	148866	-0.599640772011777	0.260628894817022
3	150336	-0.602437526599176	0.262105626775657
3	152405	-0.597968380815267	0.259747057856968
3	152407	-0.365340923644919	0.145780865982649
3	163073	-2.14491102640263	1.49539375302383
3	163924	-1.80400152504021	1.1473305447779
3	163990	-0.871662506214157	0.416356364215641
3	173820	0.265249268496581	0.101923760090716
3	192170	0.225996106594231	0.0855487067091231
3	199815	0.486449766919556	0.202976125337539
3	200362	0.486449766919556	0.202976125337539
3	201734	-0.63738111785218	0.280770979355582
3	209502	-0.179708514689005	0.0668259379751866
3	218094	-0.18068578473681	0.0672147218725236
3	222215	0.253463663174019	0.0969589080202185
3	222391	0.253106349928318	0.0968090338662926
3	223545	0.066037064304315	0.0234903121798751
3	224434	-0.0594006248996192	0.0210743712471973
3	224719	0.0683115308718518	0.0243211756450753
3	224736	-0.436686874907748	0.178920033166421
3	225022	0.277173879963462	0.106989559664102
3	226443	0.277173879963462	0.106989559664102
3	231270	-1.3837421332427	0.778749005581662
3	231271	-1.3837421332427	0.778749005581662
3	231272	-1.3837421332427	0.778749005581662
3	231273	-1.3837421332427	0.778749005581662
3	231442	0.282210289614531	0.109141961690952
3	231797	0.27672817387834	0.106799446656323
3	232480	0.069849662893156	0.0248838850697099
3	233353	0.274954518852832	0.106043497660151
3	233818	0.274954518852832	0.106043497660151
3	233863	0.274954518852832	0.106043497660151
3	235069	0.0670980983246193	0.023877726289994
3	235613	0.0439253742117896	0.0154889385202642
3	236451	0.0439253742117896	0.0154889385202642
3	237328	0.243528949104594	0.0928060226098077
3	237383	0.243528949104594	0.0928060226098077
3	237384	0.243528949104594	0.0928060226098077
3	237385	0.243528949104594	0.0928060226098077
3	237388	0.243528949104594	0.0928060226098077
3	237391	0.243528949104594	0.0928060226098077
3	237394	0.243528949104594	0.0928060226098077
3	237796	-1.08878448949109	0.558699390697742
3	240082	1.48480227676666	0.86139353262408
3	240163	3.33334184816483	3.06646493111194
3	240181	1.54764355147923	0.914680375649662
3	240262	1.1541748108685	0.60479856999444
3	240265	1.58404559493033	0.946217480286043
3	240277	3.34411102832052	3.08330031342962
3	240478	0.8446135384783	0.399760638808963
3	248344	0.688418357489534	0.308751043292941
3	248695	0.688418357489534	0.308751043292941
3	250427	0.320735348711733	0.125859862920941
3	251071	0.390818882392147	0.157433744756007
3	252364	0.00504009816769335	0.00174999267979118
3	252367	0.00504009816769335	0.00174999267979118
3	278239	0.467846258719158	0.193891597333926
3	339523	-1.14975523422512	0.601635115672169
3	343070	0.0581122087108412	0.020606774580264
3	348766	-1.09675219061069	0.564235662913459
3	355620	-0.812884732215544	0.380610125658792
3	360495	-1.02516426149641	0.515293555020978
3	668648	-0.462375941906993	0.191241102255573
3	908697	-1.11455604101852	0.576687402604901
3	908702	-1.11455604101852	0.576687402604901
3	908955	-1.2649519353713	0.686367787597317
3	909215	-0.845598549588444	0.400360621353143
3	909439	-0.937026194825268	0.457491905901416
3	910180	-0.974364200373526	0.48164962498368
3	910744	-0.367235767859108	0.146640620510927
3	910794	-0.60935055199215	0.265766717271797
3	910978	-0.609350551992151	0.265766717271797
3	912899	-0.447913571171282	0.184279121676486
3	914553	-1.05652789274869	0.536514477142214
3	933539	0.77986728840019	0.361042761333116
3	934851	0.500223221367146	0.209772621940684
3	937326	0.655066593534402	0.290369792456637
3	939294	0.534848495647498	0.227125048318894
3	940541	0.798097078144033	0.371801018848701
3	941957	2.59292975050123	2.02153549744936
3	951923	1.63278476407542	0.989215665716272
3	976435	-0.0625347533067534	0.0222137753556996
3	980581	-0.211835315234779	0.0797537543862441
3	986577	0.519233848411289	0.219252439874204
3	990685	0.471795791879922	0.195811103953189
3	990686	0.457280154208944	0.188780555819152
3	990687	0.471746600865515	0.195787166428131
3	991106	0.373763435545369	0.149610910638493
3	993766	0.37296145009857	0.14924527483958
3	995454	0.596569179544934	0.25900996862359
3	998674	0.912427783603372	0.441839358740844
3	1004905	0.594847078870864	0.258103649883216
3	1006498	0.598389581034191	0.259969067482966
3	1007113	0.602877352729452	0.262338093205416
3	1014545	0.793599638036258	0.369136479449559
3	1019826	0.342416182360154	0.135466545055425
3	1024093	0.295173150081659	0.114717043823068
3	1032375	0.18382264368791	0.0684645370045841
3	1071755	1.35293388073312	0.754297975766367
3	1074355	1.48845384251465	0.864449970441734
3	1074418	0.839384447906939	0.396581049275721
3	1074422	1.91043388681458	1.25121235327437
3	1074425	1.5056010751021	0.87886838384094
3	1074438	1.71406803778378	1.06290240830906
3	1074439	1.72900559093633	1.07671403382057
3	1074441	1.72900559093633	1.07671403382057
3	1085814	2.35693699686748	1.73456014593935
4	216867	-0.470318168374805	0.195092390104448
4	216868	-0.28532767784029	0.110478062406674
4	216876	-0.137841334973392	0.0504315225237792
4	216990	-0.280325781471817	0.10833568852583
4	219771	-0.250269552250884	0.0956204997781784
4	221362	-0.464471016705248	0.192255100066252
4	229537	-0.254672275554456	0.0974661403375989
4	230324	-0.457485406206232	0.18887950559313
4	230517	-0.347653362698351	0.137808655536968
4	230794	-0.626491868211649	0.2749117202328
4	232370	-0.626491868211649	0.2749117202328
4	237249	-0.630184039847235	0.27689405510499
4	237812	-0.399062288726861	0.161247025901523
4	256412	0.346890276967146	0.137466874479867
4	261851	-1.77698973443151	1.12165098666742
4	262728	-0.935341117538612	0.45641300875578
4	264493	-1.72322358011963	1.07135787258987
4	293035	0.758959970847997	0.348841721839791
4	294971	0.788093435194963	0.365883560898145
4	312195	1.17166401711383	0.617385132868956
4	320981	1.2005847622001	0.638437765999009
4	396828	1.22202863696567	0.654240579867054
4	399365	1.2409862783997	0.668348390314303
4	408855	0.842711032991124	0.39860273150351
4	425449	0.264384423399302	0.101558017555858
4	551146	-0.444552654003896	0.182670635165731
4	568732	-0.808771459093923	0.378152415037033
4	582845	0.72646054066435	0.330165911151255
4	587056	0.654834501241002	0.290243160289613
4	625854	-0.268804353390725	0.103429559977479
4	655206	0.0213764983383398	0.00747064035282729
4	675713	-0.433079399578532	0.17720638025013
4	791159	-0.169563811305945	0.062806603661617
4	806864	-0.481827538311319	0.200708766500881
4	890254	-0.48182753831132	0.200708766500881
4	900323	-0.427045033715368	0.1743489855902
4	911755	-0.106434730676724	0.0384662230463677
4	912899	-0.3520082538736	0.139762598190682
4	923333	-0.254250535046578	0.0972890940253928
4	928639	-0.784987654354985	0.364053245572312
4	930187	-0.481531516509387	0.200563788238109
4	935117	-0.903019580465096	0.435907650665568
4	943013	-1.16377300106242	0.611692688381289
4	943332	-1.16377300106242	0.611692688381289
4	962743	-1.05289619615748	0.534039609238632
4	973644	-1.05289619615748	0.534039609238632
4	976096	-0.121778255258806	0.0442763554808672
4	977018	-0.121778255258807	0.0442763554808673
4	977963	-0.987138939917003	0.490025670402039
4	978116	0.140244536510251	0.0513588037130852
4	978613	-1.16709192076106	0.614084200439765
4	994328	0.62341072877015	0.273260854605508
4	996003	0.63606136189835	0.280058785373348
4	1002989	0.34502168538232	0.136630697821993
4	1003595	-0.0630561625132592	0.0224036012601729
4	1004085	-0.989980535822181	0.491896525844516
4	1089461	-1.91846061885212	1.2592219209521
5	168062	NA	NA
5	170080	NA	NA
5	308830	-0.21533204066374	0.0811791852178063
5	452244	1.97209993119756	1.31337981755023
5	627816	0.536859130814343	0.228144439166878
5	655171	-1.49532464126288	0.870214312051029
5	655669	-1.49532464126288	0.870214312051029
5	659024	-1.49532464126288	0.870214312051029
5	666859	-2.13038617952806	1.4796508526306
5	671266	-0.929996347133453	0.452997405902463
5	671272	-0.929996347133453	0.452997405902463
5	673433	-1.51625702298472	0.887883270254116
5	695336	-0.105552221304563	0.0381340959811365
5	737858	0.587256616358687	0.25412034365849
5	747783	-0.497546517362466	0.208447092494104
5	772978	-0.955394375782376	0.469315933791902
5	773357	-0.631537366235714	0.2776217735329
5	780443	-0.920097562682969	0.446697498625153
5	788196	-1.06042482506067	0.53917523720676
5	813249	-0.0655393343957317	0.0233086862835834
5	823050	-0.0655393343957317	0.0233086862835834
5	823735	0.359873644840675	0.143306369973156
5	825172	0.359873644840675	0.143306369973156
5	825243	-3.02618264600452	2.60613948343834
5	825723	0.702649422214936	0.316705921442064
5	826951	0.702649422214937	0.316705921442064
5	827712	0.702649422214937	0.316705921442064
5	828710	0.702649422214937	0.316705921442064
5	830697	0.208622960598357	0.0784474300890959
5	838123	0.208622960598357	0.0784474300890959
5	838144	0.208622960598357	0.0784474300890959
5	838340	0.208622960598357	0.078447430089096
5	845569	-0.187250796176818	0.0698337095850492
5	846555	-0.157919401065357	0.058230099916762
5	848024	-0.177487636869706	0.0659434533064086
5	852215	-0.0212436425508708	0.00742381797462343
5	863560	0.304414490212351	0.118722572005223
5	895743	-0.250456000015586	0.095698542059205
5	896768	-0.250456000015586	0.095698542059205
5	902822	-1.19002793844234	0.630718425675251
5	921624	-0.0712824894538084	0.0254086718801245
5	923631	-0.0861064806982814	0.0308722659059185
5	936793	-0.199375824452171	0.0747040168244844
5	948785	-0.817846112305071	0.38358218883191
5	1009579	1.95161138163841	1.29256302009366
6	80717	0.285835238177883	0.110695878108778
6	529025	-0.483683392111149	0.201618312702723
6	625691	0.283778638108007	0.109813783823892
6	717905	-0.98311041058478	0.487378163384951
6	857791	0.535074754286873	0.227239696682796
6	883768	1.31092165808444	0.721511095726774
6	890729	1.89449465278163	1.23538020605781
6	892303	0.391070360735213	0.157549763572432
6	893412	1.3750610247751	0.771824222622277
6	896036	1.37464298227865	0.771491450448454
6	897010	1.3725309291151	0.769811178009202
6	910145	1.72880042376686	1.07652376172575
6	926355	0.1861279049235	0.0693848576519101
6	931044	1.00136875417039	0.499422476723363
6	931126	1.57664099193549	0.939762547971264
6	932620	2.52021235368373	1.93076103039754
6	938952	-0.474015845976171	0.196892230734353
6	944725	0.59195765585034	0.256585144590928
6	945648	-0.734945544456727	0.335007854219043
6	946007	-0.404967216572498	0.163991521582639
6	952870	-1.53489628389143	0.903753029974607
6	953911	-0.628451722801263	0.275963416290361
6	962525	-1.16523615801486	0.612746511537617
6	964653	-0.0431831581403738	0.0152227442956252
6	969109	0.0378070660136827	0.0132992314273699
6	973643	0.179817783466583	0.0668693941059921
6	974726	-1.23082517121775	0.660770713721254
6	998208	-0.892399509985953	0.429248329428086
6	1009390	-0.44113360393135	0.181037963131458
6	1023215	-0.28595036238626	0.11074529360399
6	1024745	-0.743417359660787	0.339866196482463
6	1031627	-1.88689438383861	1.22786516332205
6	1041532	-1.54255683937244	0.910312666134551
6	1042552	-1.54255683937244	0.910312666134551
6	1048630	-3.71906550063326	3.69905426907095
6	1048868	-1.54123280495389	0.909177357030951
6	1056029	-1.54123280495389	0.909177357030951
6	1067230	-1.5549492003565	0.920970174123345
6	1085318	-0.459592163600423	0.189895917030773
6	1109275	-0.459592163600423	0.189895917030773
6	1113482	-0.581983831649167	0.251364282148813
6	1114115	-0.637496797119514	0.280833431738063
6	1115209	-0.583194869210562	0.251996490597476
6	1115722	-0.637201627674171	0.280674085698456
6	1115787	-0.637201627674171	0.280674085698456
6	1116871	-0.583645498530637	0.252231857612682
6	1117130	-0.636898237112937	0.280510331210978
6	1118145	-0.579059102035488	0.249839415468658
6	1120209	-0.992921200463888	0.493835559203187
6	1122668	-0.624570793065724	0.273882050266144
6	1123475	-0.624570793065723	0.273882050266144
6	1124140	-0.987280823933463	0.490119017775863
6	1124238	-0.987280823933463	0.490119017775863
6	1125122	-0.556274526200936	0.23805473103629
6	1125355	-0.559367336177379	0.239644589500269
6	1125475	-0.559367336177379	0.239644589500269
6	1125925	-0.559367336177379	0.239644589500269
6	1125942	-0.989189899338053	0.491375703509349
6	1125945	-0.618416977997761	0.270591790828777
6	1126161	-1.02947455875586	0.51818955387459
6	1127136	-1.02947455875586	0.51818955387459
6	1127352	-0.666452336771461	0.296603699213353
6	1127373	-0.61956596644494	0.271205183255259
6	1127518	-0.668763567002361	0.297874342913492
6	1127997	-0.668763567002362	0.297874342913492
6	1128006	-0.668048059583591	0.297480791039515
6	1128063	-0.668048059583591	0.297480791039515
6	1128078	-0.668048059583591	0.297480791039515
6	1128144	-0.654115147970671	0.2898507853284
6	1128210	-0.654115147970671	0.2898507853284
6	1128808	-0.65391037227736	0.289739120409347
6	1128864	-0.653820487721679	0.289690110383415
6	1128885	-0.653820487721679	0.289690110383415
6	1128917	-0.653820487721679	0.289690110383415
6	1128930	-0.653820487721679	0.289690110383415
6	1128982	-0.604102410489977	0.262985918429104
6	1128983	-0.604102410489976	0.262985918429104
6	1129201	-0.604102410489977	0.262985918429104
6	1129411	-0.604112411620784	0.262991209152763
6	1129453	-0.653716340605236	0.289633326935824
6	1129471	-0.653716340605236	0.289633326935824
6	1129518	-0.603868056174205	0.262861951356179
6	1129565	-1.02029460134522	0.512029534528628
6	1129581	-1.02029460134522	0.512029534528629
6	1129661	-0.603866203652085	0.262860971493315
6	1129663	-1.02024207830798	0.511994374656662
6	1129801	-1.02024207830798	0.511994374656663
6	1129849	-1.02024207830798	0.511994374656663
6	1129886	-0.604074750541043	0.262971286138308
6	1130104	-0.653696360841908	0.289622433907588
6	1130124	-0.652544109315246	0.288994444362551
6	1130125	-0.652544109315246	0.288994444362551
6	1130369	-0.654114062606158	0.289850193438981
6	1130400	-0.654114062606158	0.289850193438981
6	1130432	-0.652531262670716	0.288987445256885
6	1130736	-0.602484475097787	0.262130438018077
6	1131643	-0.602783687927793	0.26228858219222
6	1132329	-0.652960121354883	0.289221125194481
6	1133281	-0.602557294328539	0.262168922785767
6	1133357	-0.602557294328539	0.262168922785767
6	1133818	-1.01876267196149	0.511004428544976
6	1133976	-1.01876267196149	0.511004428544976
6	1133994	-0.602285000633351	0.262025025117959
6	1134060	-0.652174243502077	0.288792955815287
6	1134109	-0.613339690885444	0.26788640678319
6	1134194	-0.66104809113472	0.293639464667442
6	1134354	-0.659263000158206	0.292662448766501
6	1135026	-0.610665237364116	0.266464723467668
6	1135691	-0.659356636795967	0.292713671957752
6	1135721	-0.608789124894475	0.265468809909362
6	1136050	-0.657451458253065	0.291672025538162
6	1136252	-1.02294545198347	0.513805312065079
6	1136633	-0.608263322318617	0.265189898745371
6	1136672	-0.608263322318617	0.265189898745371
6	1136700	-0.608263322318617	0.265189898745371
6	1137713	-0.608237412484048	0.265176157237221
6	1137820	-0.608237412484048	0.265176157237221
6	1139276	-0.659588070972297	0.292840288569108
6	1139902	-0.658673246543009	0.292339894831259
6	1140237	-0.609817532691486	0.266014587072295
6	1140898	-0.609368075633667	0.265776017406805
6	1140917	-0.609368075633667	0.265776017406805
6	1141165	-0.607971410179411	0.265035093201434
6	1141839	-0.607971410179412	0.265035093201434
6	1142134	-0.607971410179412	0.265035093201434
6	1143557	-0.658143411807941	0.2920502097165
6	1143607	-0.609524545768367	0.265859063555569
6	1143769	-0.658204134776215	0.292083405090778
6	1144525	-0.658204134776215	0.292083405090778
6	1144701	-1.022556358398	0.513544508743529
6	1145833	-0.686319618329391	0.307583553540258
6	1146096	-0.686535246197959	0.307703436304979
6	1146405	-0.686535246197959	0.30770343630498
6	1146870	-0.686535246197959	0.30770343630498
6	1147144	-0.686592418301926	0.307735224890642
6	1148231	-0.686991108882296	0.307956933100021
6	1148396	-0.686991108882296	0.307956933100021
6	1148870	-0.686991108882296	0.307956933100021
6	1149101	-0.743090654539883	0.33967839686098
6	1149551	-0.686950627330164	0.307934419283102
6	1150475	-0.686950627330164	0.307934419283102
6	1150955	-0.686299855102609	0.307572566534185
6	1151346	-0.686985609021986	0.30795387432072
6	1151462	-0.686201970763963	0.307518151419092
6	1151535	-0.686750716856348	0.307823246997266
6	1152255	-0.686731835887238	0.307812747776588
6	1152300	-0.742620236587116	0.339408049460565
6	1152774	-0.68690337943522	0.307908143048556
6	1153087	-0.742678155110065	0.339441331029752
6	1153341	-0.686586867887998	0.307732138726234
6	1153478	-0.686320456937621	0.307584019752085
6	1153681	-0.641453891299292	0.282972404868117
6	1153687	-0.641453891299292	0.282972404868117
6	1153867	-0.698913433231874	0.314611094847561
6	1155698	-0.698913433231873	0.31461109484756
6	1155863	-0.754527947453689	0.346274096256385
6	1157154	-0.698761368153292	0.314525927451437
6	1158521	-0.698761368153292	0.314525927451437
6	1159922	-0.698244136085478	0.314236297510803
6	1160705	-0.697589935049354	0.313870097017838
6	1161079	-0.697589935049353	0.313870097017838
6	1161354	-0.697589935049353	0.313870097017838
6	1161355	-0.697589935049354	0.313870097017838
6	1161356	-0.697589935049354	0.313870097017838
6	1161629	-0.697589935049354	0.313870097017838
6	1161642	-0.697589935049354	0.313870097017838
6	1161755	-0.697589935049354	0.313870097017838
6	1162649	-0.697394499267998	0.31376072588011
6	1162676	-0.697394499267998	0.31376072588011
6	1162800	-0.697122457672665	0.313608505094986
6	1163160	-0.697118719764698	0.313606413720302
6	1163610	-0.719031527742158	0.325946227043709
6	1163632	-0.719031527742158	0.325946227043709
6	1164660	-0.772865014605891	0.356940072055048
6	1165082	-0.772865014605891	0.356940072055048
6	1165164	-0.711835836691649	0.321876545609967
6	1166408	-0.711835836691649	0.321876545609967
6	1166482	-0.711835836691649	0.321876545609967
6	1166762	-0.711266525053812	0.321555292316423
6	1166982	-0.710387482920563	0.321059474259952
6	1169013	-0.725865018932153	0.329826978047246
6	1169052	-0.725865018932153	0.329826978047246
6	1169121	-0.779461565323236	0.360804595737901
6	1169196	-0.779461565323236	0.360804595737901
6	1173263	-0.724521536851848	0.329062786589298
6	1174801	-0.724521536851848	0.329062786589298
6	1175808	-0.724521536851848	0.329062786589298
6	1177126	-0.779814662889387	0.36101186624108
6	1182743	-0.725118855272531	0.329402475591261
6	1184912	-0.783156982519628	0.362975902971634
6	1197039	-0.783156982519628	0.362975902971633
6	1202673	-0.720545434154393	0.326804638973218
6	1214010	-0.337865820481455	0.133438400013988
6	1217125	-0.558627201240842	0.239263843149887
6	1218994	-0.559606725956034	0.239767776103836
6	1225912	-1.15508934326018	0.605454042397318
6	1227408	-1.03973539251494	0.525109714456876
6	1227764	-1.09098988196384	0.560229545201772
6	1235753	-1.44815564619486	0.830991546345231
6	1242156	-1.64157772715881	0.997067376121553
6	1243062	-1.61058952764146	0.969524885978205
6	1245532	-1.61058952764146	0.969524885978205
6	1253071	-1.5995129150816	0.959766922665651
7	32597	-0.219658513925183	0.0829478654574839
7	33460	-1.38559377301789	0.780229587538464
7	35758	0.635727754513911	0.279878847422023
7	35914	-0.620259111565503	0.271575429770834
7	36007	-1.16956394605467	0.615868013246801
7	36057	-1.83001085369899	1.1723185873944
7	36067	-1.94942574876915	1.29035187518388
7	36120	0.266447768095638	0.102430975698861
7	36282	-0.21382782124698	0.080565551224822
7	36352	-1.113978105824	0.576281445785707
7	36625	-0.86647458466639	0.41315404312533
7	36628	-1.54999994782339	0.91670695084073
7	36631	-4.29338060078963	4.75455404443598
7	36646	-2.27826926893937	1.64377254987112
7	36652	-2.27316809592601	1.63796916800874
7	36658	-1.89149459472101	1.23241115514657
7	36949	-1.5482177317	0.915173998890065
7	37405	-1.93223520206513	1.27302449010336
7	37406	-1.05406171668156	0.534833364889668
7	49049	-0.540822398510715	0.230157605446943
7	60420	-0.924253554315715	0.449338402373591
7	60601	-0.809493378774794	0.378583354083214
7	61650	-0.926110147283898	0.450520084061635
7	66127	-1.33440073090307	0.739755499896797
7	68492	-1.33440073090307	0.739755499896797
7	82381	-1.33440073090307	0.739755499896797
7	84388	-1.75453089913206	1.10051010212964
7	85330	-1.31031573972696	0.72104291124634
7	87355	-1.31031573972696	0.72104291124634
7	102114	-1.32978529772839	0.736153293152379
7	115311	-1.67501882282499	1.02719318731277
7	116536	-1.23310572141129	0.662468216286174
7	121178	-1.23310572141129	0.662468216286174
7	129380	-1.65742333481872	1.01128983822273
7	155222	-1.10367179680021	0.569061837220218
7	165357	-0.0850750676389003	0.0304901040146377
7	169956	-0.909552932115365	0.440023593571603
7	171411	-1.13626809177595	0.592024117489077
7	171539	-0.665579921110686	0.296124528481462
7	172677	-0.734489415007943	0.334746955661251
7	172987	-0.63795578324	0.281081270145726
7	183433	-1.08172681866614	0.553814118631218
7	185661	-1.08172681866614	0.553814118631218
7	200215	-2.33679390319175	1.71108256006288
7	210709	-2.09570180412742	1.44238872753802
7	300162	-0.039037246306097	0.0137386632186248
7	301268	-0.51447025698828	0.216866225223941
7	305857	0.0120785222723105	0.00420560736140921
7	306198	0.0120785222723103	0.00420560736140912
7	315204	-0.680835632869627	0.30453977574525
7	315208	-0.680835632869627	0.30453977574525
7	318927	1.12910972163504	0.586949228836114
7	326071	1.71792170280268	1.06645755497565
7	328180	1.84746812182761	1.18923452688371
7	330324	-0.700829868563189	0.315685092564315
7	334563	0.499739399496978	0.209532860218688
7	335845	1.42928533496868	0.815529351145562
7	337183	1.45996709547526	0.840736325241329
7	361046	0.0687258095713546	0.0244726692951498
7	378869	0.831858814541862	0.39202130687102
7	379031	0.886013114177473	0.425262321462954
7	411487	-0.443610669294249	0.182220450756684
7	422683	-1.37291121452427	0.770113599159228
7	448015	0.573686643456765	0.247045576964205
7	469460	0.661675537039676	0.293983126940975
7	473567	0.0198264724633093	0.00692467039992953
7	476602	0.874377703635442	0.418036018267289
7	482247	-0.740686327452612	0.338297414679781
7	492153	1.03764387671303	0.523696157564129
7	493226	0.642782697249736	0.283691828541074
7	493335	0.514716498051767	0.216989396855066
7	500630	1.44511051735327	0.828487543167897
7	509033	0.203649572920562	0.0764309774945182
7	520137	0.268875855122369	0.10345988431608
7	526169	0.413288338912051	0.167877415574119
7	537185	-0.836121401911479	0.394601628911387
7	554067	-0.027320256641379	0.00957043224174953
7	559344	1.02661819759538	0.516269699281508
7	606760	0.039770590603418	0.0140008222722588
7	608350	-0.206449738041933	0.077565402814197
7	610009	0.00604443373347706	0.0020995523231416
7	666943	0.0210599700547902	0.00735909435386349
7	713340	-0.0621834104380069	0.022085907629394
7	722064	-0.00569517415602734	0.00197796061259309
7	735689	-0.148743269596804	0.0546514696693774
7	767446	-0.164205133418252	0.0606956215093755
7	768936	-0.164205133418252	0.0606956215093755
7	808308	-0.159063591516635	0.0586780422199273
7	821339	-0.152798448523418	0.0562299472350158
7	828199	-0.0276245047854664	0.00967818111230146
7	829727	0.103627101157123	0.0374103620217083
7	837666	0.103627101157123	0.0374103620217083
7	860410	-0.158267334181331	0.0583662729305568
7	866854	-0.174324209060446	0.0646889292267273
7	875319	0.0518022014934275	0.0183234782005258
7	932569	1.00538421688263	0.502086867106053
7	949719	-0.0439329985846711	0.0154916737874911
7	949794	-0.0439329985846711	0.0154916737874911
7	949932	-1.09919484526126	0.565937397252218
7	950253	-1.71390732769502	1.06275426886042
7	950256	-1.80730974147251	1.15049460809653
7	950259	-1.80730974147251	1.15049460809653
7	950283	2.06513345261218	1.40993458400413
7	950376	-0.513638066509967	0.216450100300144
7	950379	-1.13747522441244	0.592881696924479
7	950517	0.197920510839864	0.0741171728881254
7	950637	0.46361908017032	0.191842603411944
7	963897	0.762528681823858	0.350913976129844
7	970131	0.756453677563921	0.347388931828651
7	1025871	1.16774439980783	0.614554817886846
7	1050552	-0.599171517135987	0.26038136931396
7	1051098	-0.599171517135986	0.260381369313959
7	1052491	-0.100488572511004	0.0362327290866974
7	1055357	-0.100488572511004	0.0362327290866975
7	1055442	-0.169781682524327	0.0628926084084834
7	1055627	-0.556731322829648	0.238289353598275
7	1055661	-0.170595374238802	0.0632139360120922
7	1055689	-0.170595374238803	0.0632139360120924
7	1055982	-0.170595374238802	0.0632139360120921
7	1055999	0.0538373482944525	0.0190586777639339
7	1056119	-0.300982031042368	0.117231803705788
7	1056211	-0.62013090337822	0.271506935002922
7	1056216	-0.62013090337822	0.271506935002922
7	1056221	-0.423156847188438	0.172513878155238
7	1056333	0.308088022846227	0.120321997040354
7	1056345	0.749877912378518	0.34358722731125
7	1056356	0.308027482733082	0.12029560522766
7	1056357	0.308027482733082	0.12029560522766
7	1056368	0.308027482733082	0.12029560522766
7	1056429	0.779926821267755	0.361077712678735
7	1056493	0.779926821267755	0.361077712678735
7	1056601	0.937996079684425	0.4581133334916
7	1056715	0.320838155572694	0.125905078030929
7	1056717	0.320838155572694	0.125905078030929
7	1056750	0.320838155572694	0.125905078030929
7	1056753	0.320838155572694	0.125905078030929
7	1056767	0.761602726019614	0.350375889077031
7	1056770	0.334389973113061	0.131893441413049
7	1056792	0.773851096000529	0.357516829946218
7	1056799	0.773851096000529	0.357516829946218
7	1056802	0.773851096000529	0.357516829946218
7	1056803	0.949892967605135	0.46576233424991
7	1056814	0.949892967605135	0.46576233424991
7	1056831	0.777941386562618	0.359912719229399
7	1056838	0.777941386562618	0.359912719229399
7	1056841	0.777941386562618	0.359912719229399
7	1056858	0.777941386562618	0.359912719229399
7	1056868	0.937383121158802	0.457720559138124
7	1056889	0.937383121158802	0.457720559138124
7	1056899	0.937383121158802	0.457720559138124
7	1056923	0.937383121158802	0.457720559138124
7	1056925	0.937383121158802	0.457720559138124
7	1056959	0.937383121158802	0.457720559138124
7	1056966	0.937383121158802	0.457720559138124
7	1056974	0.937383121158802	0.457720559138124
7	1056979	0.937383121158802	0.457720559138124
7	1056991	0.937383121158802	0.457720559138124
7	1057000	0.760315961096252	0.349628606808529
7	1057023	0.934799170046476	0.456066226267671
7	1057043	0.934799170046476	0.456066226267671
7	1057063	0.31947455061479	0.125305617470144
7	1057064	0.31947455061479	0.125305617470144
7	1057066	0.31947455061479	0.125305617470144
7	1057067	0.31947455061479	0.125305617470144
7	1057074	0.31947455061479	0.125305617470144
7	1057084	0.76052061368188	0.349747420714926
7	1057086	0.319470864317022	0.125303997686774
7	1057119	0.760129870059102	0.349520581233131
7	1057121	0.760129870059102	0.349520581233131
7	1057158	0.760129870059102	0.349520581233131
7	1057170	0.760129870059102	0.349520581233131
7	1057179	0.760129870059102	0.349520581233131
7	1057185	0.760129870059102	0.349520581233131
7	1057187	0.319466629789185	0.125302137012624
7	1057188	0.760540784004493	0.349759131635123
7	1057191	0.319474569518858	0.125305625776726
7	1057251	0.760255904675424	0.349593742877535
7	1057308	0.31949644514235	0.125315238154067
7	1057470	0.936359752731476	0.457065088964396
7	1057544	0.936359752731476	0.457065088964396
7	1057560	0.759117171135711	0.34893291408578
7	1057564	0.936979892882695	0.45746224728572
7	1057625	0.936979892882696	0.457462247285721
7	1057630	0.759115691536053	0.348932055728099
7	1057633	0.937293852628809	0.457663368043809
7	1057650	0.759133816525931	0.34894257059871
7	1057665	0.319428904143965	0.125285560403378
7	1057666	0.319428904143964	0.125285560403378
7	1057680	0.319428904143965	0.125285560403378
7	1057703	0.319428904143964	0.125285560403378
7	1057704	0.319428904143964	0.125285560403378
7	1057712	0.319428904143964	0.125285560403378
7	1057713	0.319428904143964	0.125285560403378
7	1057725	0.759534263429149	0.349174910346159
7	1057813	0.936921446809803	0.457424810826614
7	1057890	0.765397710401639	0.352583035013135
7	1057946	0.0624453273795885	0.0221812263771652
7	1057947	0.0624453273795882	0.0221812263771651
7	1057950	0.325643216501546	0.128021963972994
7	1058005	0.325643216501546	0.128021963972994
7	1058033	0.0624439610963567	0.0221807290990355
7	1058058	0.068863943243207	0.0245231928801577
7	1058065	0.068863943243207	0.0245231928801577
7	1058935	0.720198077963233	0.32660761451866
7	1065843	0.398548401304234	0.161008693068373
7	1073164	0.47266793398151	0.196235636015401
7	1075327	0.545222435007079	0.232398529079663
7	1076039	0.469029572551233	0.19446618149044
7	1079596	0.290263968860503	0.112599731534901
7	1146918	0.555276452814081	0.237542328215514
7	1147058	0.555276452814081	0.237542328215514
7	1148344	0.555276452814081	0.237542328215514
7	1150749	-1.1551472882533	0.605495583297328
7	1150888	0.300307846406417	0.116939414424816
7	1150990	-1.15439833057909	0.604958745742035
7	1160318	1.02768086894829	0.516983622928667
7	1168329	-0.916835880760738	0.444629036876676
7	1169115	-1.24213462024339	0.669207100833366
7	1173363	-0.953033359838999	0.467789570142651
7	1189417	-0.871432196769131	0.416214007685633
7	1193605	-1.22213789223132	0.654321515749493
7	1194057	-1.22213789223132	0.654321515749493
7	1196878	-1.22213789223132	0.654321515749493
7	1200973	-1.27462409224026	0.69369868171194
7	1208946	-0.859684755982441	0.408976775340761
7	1209973	-1.28160617606608	0.699011627897945
7	1210097	-1.28160617606608	0.699011627897945
7	1210423	-0.615789673052109	0.269190808572892
7	1210531	-0.905832588388116	0.437678021787672
7	1210574	-0.905832588388116	0.437678021787672
7	1210624	-0.905832588388116	0.437678021787672
7	1210642	-0.615867550924066	0.269232303788478
7	1211098	-0.903347715985926	0.436114023537569
7	1211197	-1.28414411173948	0.70094720286162
7	1219760	-1.20925206875535	0.644805225945186
7	1222178	-1.20925206875535	0.644805225945186
7	1222320	-1.19900798847833	0.637282271877011
7	1225903	-1.30886514912054	0.719922600539984
7	1226429	-1.22445096438911	0.656036034611951
7	1228951	-1.41444199564873	0.803458600215023
7	1230049	-1.41444199564873	0.803458600215023
7	1234761	-1.02150254524139	0.512838419630647
7	1235059	-1.01983683845999	0.511723132122099
7	1235306	-0.568187092101709	0.244195295989188
7	1240882	-1.41869988151901	0.806912897963683
7	1244570	-0.963609367230804	0.474641824859911
7	1249220	-1.46351186515965	0.843670870132727
7	1249945	-1.45308089999541	0.835048785035866
7	1255902	-1.14150100619137	0.595745454822244
7	1260268	-1.15238334099339	0.603515431641766
7	1260493	-0.491585145940019	0.20550313765244
7	1260643	-0.754496440995611	0.346255866977992
7	1262644	-1.08854301396731	0.558531953213985
7	1264275	-0.717804504373723	0.325251041420761
7	1264881	-0.700559511561358	0.315533506998761
7	1267786	-0.700559511561357	0.31553350699876
7	1268667	-0.700559511561357	0.31553350699876
7	1277813	-0.700559511561358	0.315533506998761
7	1287197	-0.713751355708265	0.32295823124569
7	1287994	-1.08768320615839	0.557935935073524
7	1296479	-1.08672918387241	0.557274912212193
7	1299854	-1.08398374042868	0.555374437608557
7	1300306	-1.08398374042868	0.555374437608557
7	1312184	-0.699808271016685	0.315112423449208
7	1313116	-1.10365264290162	0.569048454755762
7	1316362	-0.834745390672343	0.393767998787349
8	26150	-0.855775441132791	0.406578788730107
8	28612	-0.882716230130182	0.423210059751181
8	35881	0.697810402779194	0.313993491875588
8	81887	0.697810402779194	0.313993491875588
8	132714	-0.865185734230374	0.412359903630443
8	164962	-0.633152029137955	0.278490801935955
8	164995	-0.633152029137955	0.278490801935955
8	165019	-1.85346261024406	1.19506987315675
8	178552	0.0355096289384903	0.0124797002234604
8	182668	1.78793698833565	1.13202500552326
8	203744	1.24115791722591	0.66847670880951
8	246363	-0.704843696673634	0.31793843906625
8	299740	-0.959124962439512	0.471731632047001
8	300386	-0.829603938892583	0.390658826219489
8	300389	-1.20208029539994	0.639534546259447
8	300392	-1.20208029539994	0.639534546259447
8	355261	-1.20208029539994	0.639534546259447
8	370306	-0.249129532311626	0.0951435422621833
8	445672	0.977256916967145	0.483541343147761
8	462119	0.610259876897967	0.266249445410024
8	475172	1.86543631185882	1.20676665461355
8	476021	1.82937526994757	1.17170489829555
8	477170	1.32701084715185	0.733991637715778
8	479042	0.615441833726619	0.269005495464608
8	481474	1.83190791197726	1.1741512085739
8	483479	1.31635105781401	0.725712248612146
8	483699	1.31635105781401	0.725712248612146
8	493095	-0.268525875758725	0.103311470470375
8	495313	0.706307673106443	0.318761637377403
8	509259	1.05590368809972	0.536088775524137
8	520584	1.16631944678555	0.613527229383491
8	520880	1.16631944678555	0.613527229383491
8	526923	0.681023659685366	0.304643972074962
8	527228	0.681023659685366	0.304643972074962
8	534633	0.681023659685366	0.304643972074962
8	542194	0.681023659685366	0.304643972074962
8	546395	0.681023659685366	0.304643972074962
8	547410	0.681023659685366	0.304643972074962
8	554879	0.681023659685366	0.304643972074962
8	556808	0.997877539518803	0.497110500871976
8	566065	0.714127726406709	0.323170909307729
8	575867	1.25570847581809	0.679393304415969
8	581205	1.24488930113335	0.671268935318293
8	587594	1.911124502513	1.25190052354878
8	606856	2.15816368755528	1.50982923830471
8	609986	0.971388156686645	0.47970644035575
8	615371	0.970930528573537	0.479407907790869
8	620887	0.191007697830401	0.071338140786497
8	621512	0.191007697830401	0.071338140786497
8	622369	0.191007697830401	0.071338140786497
8	622463	0.073068556058178	0.0260636501609277
8	623688	2.50296731029624	1.90954118514292
8	625101	1.05850090965688	0.537860954327751
8	625950	1.12359439702257	0.583051545394084
8	626077	0.179220582803266	0.0666319303838528
8	626100	-0.111051421091912	0.0402073219724739
8	626480	1.05567957292825	0.535935964444548
8	626535	0.0690226059409112	0.0245812317944517
8	628826	0.0627277825389476	0.0222840412478761
8	629218	1.04598685867429	0.529343909936068
8	633354	1.10213712859749	0.567990004125127
8	635130	-0.170405238254553	0.0631388338350388
8	637861	0.117120229761975	0.0425053572823161
8	641817	0.117386660713671	0.0426064871754126
8	643053	-0.170554751068135	0.0631978893015461
8	643370	-0.170554751068135	0.0631978893015461
8	644876	0.118137809356296	0.0428917124163831
8	645315	0.11819849111415	0.0429147614956391
8	645539	0.118124991166551	0.042886843749609
8	645723	0.118124991166551	0.0428868437496091
8	645821	1.10155661816776	0.567584784396237
8	645946	0.114179789979181	0.0413906007136353
8	663609	0.111531452799571	0.0403887075559414
8	672421	1.19629060816465	0.635293000830719
8	674383	1.16228666940542	0.610622953567543
8	681613	1.16228666940542	0.610622953567544
8	695441	0.961690983594642	0.473396022173393
8	698252	0.888653958272399	0.426908887780068
8	701727	0.978709859786635	0.484492602575721
8	703707	0.984032373374874	0.487983570614229
8	706200	1.19157449421942	0.631846807412698
8	724420	0.61560206614863	0.269090855180697
8	724426	1.1314068644909	0.588575798164119
8	733536	0.831675231569388	0.391910314732693
8	740270	1.33236735344612	0.738167557227849
8	756899	1.08016125625406	0.552732822623395
8	759577	1.06460966135235	0.542038506118293
8	766409	1.06460966135235	0.542038506118293
8	780115	0.830085416286074	0.390949608360634
8	783560	1.06312233289816	0.541020170585277
8	783617	1.06312233289816	0.541020170585277
8	786426	1.06312233289816	0.541020170585277
8	789174	0.822974466992011	0.386663020794203
8	805928	1.32364977275085	0.731376666411839
8	808851	1.32364977275085	0.731376666411839
8	811629	1.07614851179217	0.54996525414093
8	812954	0.846360119065255	0.400824728644733
8	814167	1.04629475786257	0.529552807334371
8	818732	1.08288891338765	0.554617306945113
8	828248	1.07348603908525	0.548132085476238
8	828453	0.84219156635212	0.398286786034104
8	830758	1.07761908743591	0.550978844952175
8	831625	1.07761908743591	0.550978844952175
8	836332	1.07761908743591	0.550978844952175
8	852203	1.07761908743591	0.550978844952175
8	853182	1.0849545630604	0.556046165598239
8	854358	0.838652932841609	0.396136985517889
8	865009	1.0722904571678	0.547309712735083
8	874728	1.33627834020579	0.741223130083506
8	877940	1.33627834020579	0.741223130083506
8	878600	0.927831872967617	0.45161698521206
8	883570	1.3681269260444	0.76631274393574
8	884132	0.188470046810843	0.0703214979733242
8	884617	1.1127793906358	0.575439813142592
8	891449	1.64155005091316	0.997042617131426
8	892813	1.34054307698012	0.744561410590951
8	894661	1.13863233054318	0.593704221074805
8	897276	1.39233027595579	0.785626696205615
8	897725	1.13751368645487	0.592909029883211
8	904709	1.34198608000962	0.74569243658481
8	907220	1.37054239978116	0.768230662873072
8	908358	1.37054239978116	0.768230662873072
8	908971	1.11717853674513	0.578530995598606
8	912569	1.33410952336594	0.739527992652854
8	919875	1.05621719537413	0.536302567418983
8	930103	0.951504086572049	0.466801943954806
8	944277	1.42285626770981	0.810291257774297
8	944352	0.927929630016226	0.451679296240873
8	945822	0.927929630016226	0.451679296240873
8	951945	0.927929630016226	0.451679296240873
8	952184	1.25270725872223	0.677135402788621
8	952484	1.48379298064123	0.860549597922673
8	964783	1.05117171606579	0.53286605806835
8	966913	0.962245116544751	0.473755746622711
8	970433	1.48037114062511	0.857691182024772
8	975871	1.28727264675033	0.703336402150238
8	979720	1.02471648744331	0.514993076919858
8	979860	1.00115903911314	0.499283478109132
8	1001137	1.54147802750284	0.909387576978388
8	1005724	2.36558309550247	1.74468640661332
8	1018603	2.36558309550247	1.74468640661332
8	1019097	2.36558309550247	1.74468640661332
8	1025503	2.14700850890652	1.49767389644759
8	1026391	2.14700850890652	1.49767389644759
8	1031304	2.14700850890652	1.49767389644759
8	1034063	2.39618946912694	1.78076859739498
8	1040035	1.46993054018803	0.848996352225373
8	1040541	1.47070853284141	0.849642872222317
8	1041700	1.53597175706102	0.904672631315777
8	1042258	1.50165489911365	0.875540585296937
8	1045891	1.52521591001827	0.895494952096413
8	1049169	1.5265550109651	0.896635236121828
8	1050998	1.49288924475979	0.868169112709739
8	1053000	1.51564088036986	0.887360872460509
8	1053075	1.51564088036986	0.887360872460509
8	1053158	1.23293709402677	0.662342636460313
8	1057093	1.51510140421643	0.886903591791448
8	1058585	1.51888976504755	0.890117028271953
8	1063663	1.23026378625369	0.660353139109686
8	1070238	0.466686007859264	0.193328640720622
8	1070455	0.468540076584612	0.194228442350619
8	1077854	0.563248357819395	0.241643983260824
8	1083743	-0.59725250578943	0.259369860674231
8	1090645	-0.624454916194253	0.273819980346353
8	1095126	-0.624454916194253	0.273819980346353
8	1096950	-0.624454916194254	0.273819980346353
8	1099591	-0.524595695208331	0.22194699819901
8	1150042	NA	NA
8	1150077	NA	NA
8	1154740	NA	NA
8	1232237	0.405806414262633	0.164382443449803
8	1238422	0.032989130761659	0.0115822986024473
8	1252306	-0.11400268682356	0.041323537991765
8	1252793	1.33704558268919	0.741823212279392
