CHR	POSITION	XPEHH_high_all	LOGPVALUE
1	31104	1.52384294441831	0.894326520644176
1	31410	1.52878334541997	0.898534200626094
1	40663	1.52878334541997	0.898534200626094
1	52322	1.52919806480337	0.898887823346044
1	73671	1.52734780445596	0.897310636129731
1	74017	1.52518715771152	0.895470475938684
1	82174	1.52530320139315	0.895569263051567
1	83228	1.52397156683126	0.894435952225058
1	83264	1.52397140277954	0.894435812646422
1	84317	1.5241121521361	0.894555568805647
1	85211	1.53820606833483	0.906584487054165
1	85278	1.53820606833483	0.906584487054165
1	87126	1.68373968313714	1.03511842761188
1	107180	1.63795499336863	0.993828938589972
1	109428	1.63795499336863	0.993828938589972
1	132074	1.63795499336863	0.993828938589972
1	136286	1.63795499336863	0.993828938589972
1	303924	1.37242425781999	0.769726357360161
1	698027	0.894290902416592	0.430431501833018
1	715530	0.895945786364586	0.431467729174957
1	732150	0.650102339995116	0.287665092593566
1	755389	0.277529335333914	0.107141219653958
1	758101	0.111169312043007	0.0402518623241446
1	773113	0.1845654589135	0.0687609181877492
1	807015	0.800243435627756	0.373075044505842
1	814587	0.794413953703051	0.36961842148271
1	844126	0.922159905698868	0.448007261839768
1	855001	0.795392165712756	0.370197658552219
2	23546	-1.50297986334496	0.876657282128553
2	23946	-1.52527822455946	0.895548000039929
2	40644	-1.20889874169298	0.64454512803847
2	41909	-1.22484250889154	0.656326448962467
2	55683	-1.23045565231742	0.660495842004437
2	60284	-1.26030307289386	0.682856229390828
2	65095	-0.964130901419195	0.474980730444822
2	65932	-1.00004191688364	0.49854331010984
2	98233	-1.11300770974898	0.575600079648072
2	98242	-1.11300770974898	0.575600079648072
2	98245	-1.11300770974898	0.575600079648072
2	111770	-1.30641137193216	0.718029249167455
2	113740	-1.40776391063644	0.798054235637253
2	115723	-1.52378611631441	0.894278173406741
2	129854	-1.50779545221665	0.880721385211837
2	136116	-1.4935729272432	0.868743035129071
2	146433	-1.52665921242059	0.896723994584443
2	151591	-1.81144072679846	1.1544514180268
2	159333	-2.18847244310981	1.54309968178662
2	160241	-2.14885225632954	1.49967961878853
2	161404	-2.16515168177692	1.51746839777555
2	163139	-2.2321940152223	1.59172368438822
2	163180	-2.2321940152223	1.59172368438822
2	165521	-2.22956374764961	1.58877742036559
2	166835	-2.22949855299737	1.58870442760696
2	166888	-2.22930433118421	1.58848698423302
2	167214	-2.23554245296856	1.59547830443772
2	168270	-2.23554245296856	1.59547830443772
2	168439	-2.37368726827219	1.75420464361899
2	168473	-2.37368726827219	1.75420464361899
2	172043	-2.47874555002564	1.87993526568809
2	172561	-2.63656371225246	2.07701274205267
2	173072	-2.04173512061947	1.38533672299804
2	181477	-1.42417003699885	0.811360421729824
2	181650	-1.42417003699885	0.811360421729824
2	181854	-1.4228552886632	0.810290461248248
2	182024	-1.4228552886632	0.810290461248248
2	185029	-1.42986887387263	0.816005540653678
2	186225	-1.43197146790926	0.817722371538464
2	187750	-1.43197146790926	0.817722371538464
2	189352	-1.34040136009387	0.744450373667115
2	189948	-1.34910695635648	0.751284860974619
2	195761	-1.3157744253339	0.72526555602035
2	198179	-1.37964456565674	0.77547701488333
2	198180	-1.35289717872205	0.754269053275756
2	202948	-1.35425874463692	0.755342343769726
2	229557	-1.3645605546018	0.763484883012333
2	230196	-1.37635935337906	0.772858130619384
2	232084	-1.32509541395016	0.732500897014552
2	237046	-1.24435097827961	0.670865794986892
2	237908	-1.24347354729627	0.670208925796876
2	241490	-1.24347354729627	0.670208925796876
2	249335	-1.21850726925	0.651634254176001
2	267621	-1.28247790472222	0.699676195958135
2	282383	-1.2952366724596	0.709434320571672
2	282713	-1.29373362929057	0.708281711877845
2	283102	-1.29373362929057	0.708281711877845
2	283330	-1.30633610497854	0.717971207112867
2	283543	-1.30633610497854	0.717971207112867
2	283672	-1.30633610497854	0.717971207112867
2	287664	-1.30644011067327	0.718051411566825
2	292951	-1.31063445886595	0.72128916441313
2	296881	-1.54016533563125	0.908262516052121
2	301577	-1.87222950811508	1.21342702755616
2	304525	-1.99073634420633	1.33245477310314
2	305137	-1.8957215135174	1.23659537660861
2	327378	-1.40415513258911	0.79514055739785
2	327578	-1.42369562227112	0.81097426336759
2	336076	-1.45417275866588	0.835949424573139
2	352109	-1.41899942470024	0.807156158560341
2	356342	-1.52246789987292	0.893157019380227
2	359393	-1.55251242298276	0.918870028702854
2	365814	-1.1173088970725	0.578622701270542
2	381947	-0.771758617133504	0.35629332962672
2	386699	-0.757178249971093	0.347808719283812
2	388085	-0.759409204349876	0.349102345165403
2	398419	-0.728233787943793	0.331175829282811
2	411698	-0.733386422607818	0.334116348488031
2	411968	-0.719799595890952	0.326381640236688
2	416247	-0.716925015804943	0.324753063629487
2	423427	-0.668377854751189	0.297662167964524
2	430031	-0.63739577114843	0.280778890066683
2	463571	-0.637703152896734	0.280944848996055
2	465440	-0.622877357258244	0.272975390057407
2	545038	-0.583306543861799	0.252054812969576
2	557007	-0.629047131907214	0.276283172663977
2	561273	-0.681469620348782	0.304891150806698
2	570663	-0.644827068640554	0.284799792417341
2	577564	-0.618387665958251	0.270576148096201
2	584178	-0.618958119829598	0.270880628143622
2	585521	-0.687587058663459	0.308288433205711
2	588254	-0.61847453727608	0.270622508864275
2	589928	-0.618474537276081	0.270622508864276
2	611546	-0.572606563364884	0.246485028239617
2	620053	-0.572606563364884	0.246485028239617
2	645307	-0.745027410066663	0.340792220538852
2	654388	-0.844344779023314	0.399596991278215
2	657007	-0.795023532824279	0.369979338971763
2	657159	-0.739287947146714	0.337495108457954
2	675350	-0.739287947146714	0.337495108457954
2	681722	-1.00349778299078	0.500834457902714
2	681862	-1.00349778299078	0.500834457902714
2	685966	-0.96903381394067	0.478171363933532
2	685967	-0.957151266814341	0.470452989029304
2	686016	-0.957455436027192	0.47064995486926
2	686144	-0.957009207517262	0.470361008988196
2	686164	-1.01395469852332	0.507792439518947
2	686168	-0.883469684498887	0.423678746574036
2	703900	-0.93850725421397	0.458440985244186
2	715999	-1.05130669227863	0.532957875115574
2	746853	-0.197137914986197	0.0738018548588088
2	750166	-0.164265461194494	0.0607193402708362
2	785378	-0.00402216321854091	0.00139598482535464
2	801683	-0.28956356056259	0.112298241195073
2	801698	-0.271580287210702	0.104607978049292
2	822759	0.144335703761431	0.0529412341296433
2	867406	0.332768533657956	0.131173999636033
2	867690	0.376942359862613	0.15106217628393
2	868610	0.306640166837265	0.119691124316933
2	882846	0.180583217987943	0.0671739049726071
2	915396	0.0586334871498677	0.020795902462649
2	919021	-0.0810548555152289	0.0290034109112415
2	927445	-0.248170652030191	0.09474266972786
2	928068	-0.352066215087126	0.139788643310455
3	7056	0.439898733622968	0.180449186123584
3	10626	0.439898733622968	0.180449186123584
3	15813	0.468405030081586	0.194162866064505
3	15997	0.465381131937918	0.192696018799243
3	16876	0.464017540624431	0.19203550434113
3	22643	0.43911669615754	0.180076563604965
3	23276	0.43911669615754	0.180076563604965
3	23846	0.417205501429922	0.16971415901263
3	26099	0.639502004334794	0.281916689043442
3	26125	0.639502004334794	0.281916689043442
3	27895	0.638629107912731	0.281444969452108
3	34627	0.651445131059099	0.288395895020243
3	36296	0.648290189038752	0.286679782133573
3	46834	0.58178354916599	0.251259772646562
3	50708	0.752334164248496	0.345005590956908
3	58804	0.667814128913049	0.297352158249447
3	76579	0.655187350858988	0.290435686002216
3	78940	0.642271002423417	0.283414725408687
3	89160	0.597946755572039	0.259735661001765
3	94523	0.590424123332772	0.255780311930462
3	94806	0.591713263294919	0.256456830799459
3	95613	0.47500203382202	0.197372985937512
3	96554	0.48058979888772	0.200102761368996
3	102291	0.470779584517731	0.195316748224292
3	103469	0.483021887352658	0.201293986962359
3	103639	0.480443872047817	0.20003134659252
3	103794	0.479593924919106	0.199615526921966
3	103948	0.478719769572291	0.199188102174742
3	104045	0.479620842714955	0.1996286924131
3	109686	0.477845252692967	0.198760742413117
3	114518	0.426202209076895	0.173950796837957
3	115087	0.429922528740217	0.175710117860481
3	115535	0.39601313199648	0.159834074558824
3	118260	0.395132409882563	0.159426492739523
3	127366	0.41750981817405	0.169857052194506
3	134908	0.66862940905128	0.297800538937842
3	135390	0.659120060227263	0.292584260146237
3	135391	0.659120060227263	0.292584260146237
3	138894	0.593243608715006	0.257260629193334
3	145262	0.528033850691807	0.223679650458928
3	148866	0.554971347000387	0.237385753278081
3	150336	0.56482570316477	0.242457973704336
3	152405	0.557760718899569	0.238818324079139
3	152407	0.506363119569021	0.212821759831996
3	163073	0.447712769125959	0.184182921128092
3	163924	0.438888821415326	0.179968022685806
3	163990	0.445498543722348	0.183122965918996
3	173820	0.165169212344517	0.0610747904020045
3	192170	0.0669191130426104	0.0238123512892922
3	199815	0.0572973905208133	0.0203112993779815
3	200362	0.0572973905208133	0.0203112993779815
3	201734	0.0885692203101734	0.0317859907436429
3	209502	0.0818298005162527	0.0292896318823788
3	218094	0.0785810456107147	0.0280908660562688
3	222215	0.0550744881328035	0.0195061659780947
3	222391	0.0215360491342405	0.00752687735185517
3	223545	-0.0605013257981702	0.0214742124040466
3	224434	-0.0667649704687347	0.0237560574330366
3	224719	-0.0569166699811923	0.0201733039130741
3	224736	-0.0264666189275941	0.00926825605546242
3	225022	-0.027241697101731	0.00954261473425398
3	226443	-0.0272416971017313	0.00954261473425403
3	231270	-0.00803573129707185	0.00279345115524988
3	231271	-0.00803573129707185	0.00279345115524988
3	231272	-0.00803573129707185	0.00279345115524988
3	231273	-0.00803573129707185	0.00279345115524988
3	231442	-0.0192113242243289	0.00670818039937457
3	231797	-0.218649373372691	0.0825348292737826
3	232480	-0.219898352421494	0.0830460744975155
3	233353	-0.215854088213537	0.0813923066310765
3	233818	-0.226396832039577	0.0857135579101399
3	233863	-0.226396832039577	0.0857135579101399
3	235069	-0.230955213428429	0.0875921477484979
3	235613	-0.189654999675767	0.0707959827606963
3	236451	-0.189654999675767	0.0707959827606963
3	237328	-0.188972235908409	0.070522536742911
3	237383	-0.188972235908409	0.070522536742911
3	237384	-0.188972235908409	0.070522536742911
3	237385	-0.190109903092187	0.0709782469551831
3	237388	-0.190102040786258	0.0709750962829842
3	237391	-0.190102040786258	0.0709750962829844
3	237394	-0.189715859007717	0.0708203634874309
3	237796	-0.379624102586844	0.152288890452221
3	240082	-1.34194767899388	0.745662328064919
3	240163	-1.54069640589305	0.908717600288188
3	240181	-1.1552058232241	0.605537548364969
3	240262	-1.15512042696795	0.605476326231206
3	240265	-1.16098251514631	0.609684981629182
3	240277	-1.18404706738854	0.626362757528697
3	240478	-1.25832531634392	0.681364672915469
3	248344	-0.967811319038617	0.477375030951105
3	248695	-0.679573316768257	0.30384055658648
3	250427	-0.635167016434467	0.279576483856646
3	251071	-0.6623681154919	0.294362613544422
3	252364	-0.140740384357944	0.0515503356877823
3	252367	-0.140740384357944	0.0515503356877823
3	278239	-0.0543274071193296	0.0192358863363899
3	339523	0.0352263457926963	0.0123787510646921
3	343070	0.000646160774033341	0.000223963326569236
3	348766	0.126525064055109	0.0460875300418825
3	355620	0.124467274696967	0.0453015712233811
3	360495	0.232509541182397	0.0882341244186228
3	668648	0.219558754456238	0.0829070209769056
3	908697	-0.0980243595987797	0.0353100843327532
3	908702	-0.0980243595987797	0.0353100843327532
3	908955	-0.0896903989212893	0.0322025419145474
3	909215	-0.162124379810029	0.0598781911918901
3	909439	-0.295309843357186	0.114776103341996
3	910180	-0.290716026011133	0.112794397902755
3	910744	-0.290808150754192	0.112834076536412
3	910794	-0.290143820446221	0.112548003198518
3	910978	-0.290143820446221	0.112548003198518
3	912899	-0.291621246105244	0.113184392294475
3	914553	-0.266289605344056	0.102364015152597
3	933539	-0.864945738492545	0.412212090094504
3	934851	-0.865061227203656	0.412283217220003
3	937326	-1.09705039471766	0.564443301255058
3	939294	-0.97893530516126	0.484640270015143
3	940541	-0.946994818925788	0.463894496247908
3	941957	-1.18303022108978	0.625623491436467
3	951923	-1.44692286581567	0.829977423163039
3	976435	-1.77860291827922	1.12317684845824
3	980581	-1.67115312491259	1.02368929574662
3	986577	-1.67343231570564	1.02575448939095
3	990685	-1.67285106518426	1.02522762832227
3	990686	-1.67691298472877	1.02891211411931
3	990687	-1.63860906017342	0.99441325934752
3	991106	-1.50018228632611	0.874300209298286
3	993766	-1.923294212406	1.26405706596802
3	995454	-1.83130839699882	1.17357190941078
3	998674	-1.83174049247679	1.17398942075913
3	1004905	-1.83187864204884	1.17412292246388
3	1006498	-1.94478089155557	1.28565888102836
3	1007113	-1.83459093601039	1.17674543406327
3	1014545	-1.85259209893727	1.19422162335421
3	1019826	-1.6778034639818	1.02972067760975
3	1024093	-1.44925737605996	0.831898335858063
3	1032375	-1.36999508681021	0.767795902640017
3	1071755	-1.87839687507145	1.21948904360401
3	1074355	-2.09374919869321	1.44030485792229
3	1074418	-2.23525882535574	1.5951601017523
3	1074422	-2.21978114497719	1.57784323536363
3	1074425	-2.52714629449981	1.93932636476136
3	1074438	-2.52627652114244	1.93825090952093
3	1074439	-2.52925438506531	1.94193421492019
3	1074441	-2.44178479586308	1.83520546550729
3	1085814	-2.46666641629876	1.86525778221112
4	216867	-0.469582247784989	0.19473469648976
4	216868	-0.469517077216935	0.194703028624073
4	216876	-0.467978565751212	0.193955820003094
4	216990	-0.462990268260494	0.191538287513399
4	219771	-0.494142949861113	0.206764898600994
4	221362	-0.481536010117155	0.20056598879934
4	229537	-0.496577502782399	0.20796778813178
4	230324	-0.492541505917599	0.205974665745028
4	230517	-0.556238577516063	0.23803626971046
4	230794	-0.536965894803961	0.228198604642087
4	232370	-0.536965894803961	0.228198604642087
4	237249	-0.507986729624556	0.2136300660432
4	237812	-0.369800838853792	0.147806240853734
4	256412	-0.959949731262246	0.472266350926867
4	261851	-0.757063816547182	0.347742409589519
4	262728	-0.753404820683135	0.345624472777696
4	264493	-0.65133536835659	0.288336135432278
4	293035	-0.771612411831375	0.356207896314529
4	294971	-0.783891722322726	0.363408158939181
4	312195	-0.713853193829635	0.323015772889211
4	320981	-0.538913135586562	0.229187155306861
4	396828	-0.453590839911215	0.187004236981387
4	399365	-0.499539717535592	0.209433927936014
4	408855	-0.224291956230259	0.0848481819748995
4	425449	0.0409421414216802	0.0144199459468626
4	551146	0.236240779023089	0.0897781507637576
4	568732	0.173779511782689	0.0644732132212021
4	582845	-0.0904522237288061	0.0324857867164998
4	587056	0.023432133952912	0.00819573478294773
4	625854	0.465134314361919	0.192576418587365
4	655206	0.585129240984774	0.253007291429698
4	675713	0.515750665356196	0.217506906151234
4	791159	0.554696690490716	0.237244829985876
4	806864	0.549062732103101	0.234359455725543
4	890254	0.549062732103101	0.234359455725543
4	900323	0.580774328743228	0.250733348156884
4	911755	0.519269268401381	0.219270209832979
4	912899	0.629418215621162	0.276482516670904
4	923333	0.747466541239581	0.342196740221178
4	928639	0.747055915081438	0.34196015122212
4	930187	0.747080327454348	0.341974215237602
4	935117	0.530049652384966	0.22469726707896
4	943013	0.584769945899933	0.252819451201751
4	943332	0.584769945899933	0.252819451201751
4	962743	-0.0651397935850097	0.0231629410802908
4	973644	-0.0651397935850097	0.0231629410802908
4	976096	-0.0533029403960913	0.0188655093271541
4	977018	-0.0533029403960913	0.0188655093271541
4	977963	-0.17533072342019	0.0650877664049386
4	978116	-0.144896145387349	0.053158385808076
4	978613	-0.153524216770409	0.0565129559734563
4	994328	-0.350770837149873	0.139206805500694
4	996003	-0.350525950521936	0.139096868953509
4	1002989	-0.473404157007157	0.196594193773632
4	1003595	-0.498995285006774	0.209164253579288
4	1004085	-0.431365989142096	0.176393888181796
4	1089461	0.55253942749564	0.236138804820383
5	168062	0.319477786426818	0.125307039310538
5	170080	0.319477786426818	0.125307039310538
5	308830	0.627538605365663	0.275473263772825
5	452244	0.596657575361587	0.259056516117624
5	627816	0.839895580403209	0.396891438262355
5	655171	0.736146952641667	0.335695371653405
5	655669	0.736146952641667	0.335695371653405
5	659024	0.736146952641667	0.335695371653405
5	666859	0.725201435665143	0.329449447567156
5	671266	0.819486130385426	0.384566453856093
5	671272	0.819486130385426	0.384566453856093
5	673433	0.849105555024647	0.402499457110139
5	695336	0.987156453744898	0.490037192603292
5	737858	0.686650660643036	0.30776760965444
5	747783	0.745263474377386	0.340928066158023
5	772978	0.937009545435834	0.457481241083624
5	773357	0.953247111215612	0.467927678128469
5	780443	0.924554780482313	0.449530045815554
5	788196	0.947073374130364	0.463945086344011
5	813249	1.20991018785685	0.645289812289009
5	823050	1.20991018785685	0.645289812289009
5	823735	1.2254675652279	0.656790176370827
5	825172	1.2254675652279	0.656790176370827
5	825243	1.70726180201944	1.0566370659736
5	825723	1.4495474181349	0.832137131986474
5	826951	1.4495474181349	0.832137131986474
5	827712	1.4495474181349	0.832137131986474
5	828710	1.4495474181349	0.832137131986474
5	830697	1.44464123222021	0.828101953905303
5	838123	1.44464123222021	0.828101953905303
5	838144	1.44464123222021	0.828101953905303
5	838340	1.44464123222021	0.828101953905303
5	845569	1.43260003451716	0.818235929821727
5	846555	1.45688481931311	0.838188413869947
5	848024	1.42918710226999	0.815449201880551
5	852215	1.46183626083312	0.842283141432418
5	863560	1.44645574669283	0.829593302427757
5	895743	1.41709039062837	0.805606384685863
5	896768	1.39220367896828	0.785525117226172
5	902822	1.42498311678813	0.812022434436993
5	921624	1.11784852229724	0.579002379862815
5	923631	1.04526247241192	0.528852573467092
5	936793	0.800019716785169	0.372942177975632
5	948785	0.353313274382447	0.140349264383374
5	1009579	0.287292407602193	0.111321643059075
6	80717	-0.00633526019380717	0.00220082683475667
6	257738	0.104276074132831	0.0376542198964293
6	258545	0.176353299969273	0.0654932715827842
6	258546	0.127487774560057	0.0464556496253929
6	260098	0.205641898610425	0.0772378871439405
6	266547	0.205641898610425	0.0772378871439405
6	274285	0.186356148722736	0.0694760633202297
6	278218	0.201871676032898	0.0757119012393092
6	529025	0.103571894433903	0.0373896231213176
6	553964	0.150421365492902	0.0553040893940698
6	619172	0.150421365492901	0.0553040893940697
6	625691	-0.051562048780077	0.01823679957853
6	717905	-0.223675179590884	0.0845948559467942
6	857791	0.279157893616151	0.107836552836205
6	883768	-0.241887556825272	0.092122725654255
6	890729	-0.220713887005288	0.0833801469374262
6	892303	-0.302373837841225	0.117835856101514
6	893412	-0.302337278679788	0.117819981707377
6	896036	-0.302527607270085	0.117902628927854
6	897010	-0.297015454007891	0.115513502245717
6	910145	-0.863119454323307	0.411087923128623
6	926355	-1.07584323149417	0.549754935723193
6	931044	-1.69193916700974	1.04259591114123
6	931126	-1.69553283213139	1.04588110160678
6	932620	-1.20043580379062	0.638328568033742
6	938952	-1.00904173759975	0.504518635784894
6	944725	-1.14927661659929	0.601292945955366
6	945648	-0.954617824905263	0.468813692017691
6	946007	-0.952256198048158	0.467287567191226
6	952870	-0.799470570941671	0.372616111984402
6	953911	-0.796346097343548	0.370762828551447
6	962525	-0.575345557150538	0.24790726678753
6	964653	-0.371066163375294	0.148381976596819
6	969109	-0.0734381705697167	0.0261993063575304
6	973643	-0.275249373340032	0.106169101950216
6	974726	-0.222355987945294	0.0840534084942119
6	998208	-0.292587733413194	0.113601055474622
6	1009390	0.145573059849431	0.0534207879836671
6	1023215	0.61084055130877	0.266557845415129
6	1024745	0.759607156185909	0.349217208578078
6	1031627	0.952505121675826	0.467448335193498
6	1041532	0.90313951854045	0.435983078527856
6	1042552	0.90313951854045	0.435983078527856
6	1048630	0.905031358593479	0.437173490211229
6	1048868	0.904366978710496	0.436755299461381
6	1056029	0.904366978710496	0.436755299461381
6	1067230	0.844031319764983	0.399406157033043
6	1085318	0.980510080678816	0.485672244543107
6	1109275	0.980510080678816	0.485672244543107
6	1113482	0.934020815978633	0.455568348431365
6	1114115	0.948137141063952	0.464630369302403
6	1115209	0.948961193343598	0.465161495574507
6	1115722	0.948285797320303	0.464726165365833
6	1115787	0.948285797320303	0.464726165365833
6	1116871	0.947904385758512	0.46448039401646
6	1117130	0.947547698925905	0.464250600049274
6	1118145	0.950416245422005	0.466099892417962
6	1120209	0.959676477806363	0.472089167617791
6	1122668	0.956635469400332	0.470119055692721
6	1123475	0.956635469400332	0.470119055692721
6	1124140	0.951597998905955	0.466862570584679
6	1124238	0.949644797108822	0.4656022764722
6	1125122	0.949974344375447	0.465814822897974
6	1125355	0.951422010734208	0.466748961060883
6	1125475	0.951422010734208	0.466748961060883
6	1125925	0.951422010734208	0.466748961060883
6	1125942	0.951011670799131	0.466484106817902
6	1125945	0.989475449648649	0.49156378131916
6	1126161	0.990127168473785	0.491993142217247
6	1127136	0.990127168473785	0.491993142217247
6	1127352	0.989911034775385	0.491850734157197
6	1127373	0.989121893140807	0.491330915379265
6	1127518	0.987818534358291	0.490472848022006
6	1127997	0.987818534358291	0.490472848022006
6	1128006	0.987279205270359	0.490117952796554
6	1128063	0.98727920527036	0.490117952796554
6	1128078	0.98727920527036	0.490117952796554
6	1128144	1.00087040697774	0.499092198473046
6	1128210	1.00113069278712	0.499264691409114
6	1128808	1.00111762061244	0.499256027839992
6	1128864	1.0010331066938	0.4992000177697
6	1128885	1.0010331066938	0.4992000177697
6	1128917	1.0010331066938	0.4992000177697
6	1128930	1.00097185055026	0.499159422922164
6	1128982	1.00136644994672	0.499420949406557
6	1128983	1.0014145604987	0.499452839078904
6	1129201	1.001522707432	0.499524526298216
6	1129411	1.0012687398305	0.499356185561131
6	1129453	1.00136002208364	0.499416688812883
6	1129471	1.00136002208364	0.499416688812883
6	1129518	1.00164356792847	0.499604645755532
6	1129565	1.0015886181141	0.499568218423355
6	1129581	1.00160379269389	0.499578277851138
6	1129661	1.00176876946132	0.499687648282115
6	1129663	1.00169814508791	0.499640827087136
6	1129801	1.00169814508791	0.499640827087135
6	1129849	1.00166687926155	0.49962009962234
6	1129886	1.00158149237254	0.499563494703549
6	1130104	1.00156493069823	0.499552515885121
6	1130124	1.00105496340584	0.499214502671896
6	1130125	1.00105496340584	0.499214502671896
6	1130369	1.00118489334405	0.499300613401704
6	1130400	1.00118489334405	0.499300613401704
6	1130432	1.00106382653539	0.49922037650139
6	1130736	1.00170746300802	0.499647004404045
6	1131643	1.00200987258752	0.499847503291355
6	1132329	1.00144413306127	0.499472441401418
6	1133281	1.00074517674109	0.499009216056381
6	1133357	1.00084519562076	0.499075492010529
6	1133818	1.00122791957125	0.499329130216694
6	1133976	1.00122791957125	0.499329130216694
6	1133994	1.00008658226892	0.498572895575891
6	1134060	1.00021657824686	0.498659006284309
6	1134109	1.00384212418532	0.501062974663641
6	1134194	0.897180634334123	0.432241556275913
6	1134354	0.899603174077769	0.433761176727043
6	1135026	0.89945520196821	0.433668298549409
6	1135691	0.899517688828169	0.433707518983026
6	1135721	0.901346460511912	0.434855956237917
6	1136050	0.901182502109784	0.434752946413642
6	1136252	0.901194570155831	0.434760528067268
6	1136633	0.901088646451747	0.434693984048609
6	1136672	0.901088646451748	0.434693984048609
6	1136700	0.901360926902485	0.434865045451007
6	1137713	0.900661089236195	0.43442542059011
6	1137820	0.900661089236195	0.43442542059011
6	1139276	0.898955445260265	0.433354669928953
6	1139902	0.898281844268186	0.432932078494211
6	1140237	0.898488131448957	0.43306147865335
6	1140898	0.898373516622854	0.432989581079083
6	1140917	0.898373516622854	0.432989581079083
6	1141165	0.901791418808327	0.435135555735073
6	1141839	0.901791418808327	0.435135555735073
6	1142134	0.901791418808327	0.435135555735073
6	1143557	0.900765683773703	0.434491114245828
6	1143607	0.900969904003593	0.434619391532671
6	1143769	0.900720559979619	0.434462772468649
6	1144525	0.900720559979619	0.434462772468649
6	1144701	0.902390680382418	0.435512222363708
6	1145833	0.880058937974483	0.421558637281354
6	1146096	0.880898318620353	0.422080025041066
6	1146405	0.880898318620353	0.422080025041066
6	1146870	0.880898318620353	0.422080025041066
6	1147144	0.880309163798865	0.42171404180889
6	1148231	0.880525726006243	0.421848556568408
6	1148396	0.880525726006243	0.421848556568408
6	1148870	0.880525726006243	0.421848556568408
6	1149101	0.879790521439705	0.421391959053057
6	1149551	0.880574709880321	0.421878984476952
6	1150475	0.880574709880321	0.421878984476952
6	1150955	0.880160438655792	0.421621672423719
6	1151346	0.880333364741905	0.421729073110645
6	1151462	0.880191735192821	0.421641109275465
6	1151535	0.880614347125067	0.421903607025943
6	1152255	0.880685383960994	0.421947736258342
6	1152300	0.880334412903783	0.421729724132666
6	1152774	0.879729283451335	0.421353935634495
6	1153087	0.879493643796715	0.421207636024572
6	1153341	0.879643805322466	0.42130086335635
6	1153478	0.878947823813532	0.420868830183218
6	1153681	0.880270966206256	0.42169031753952
6	1153687	0.88539000953941	0.424874163336696
6	1153867	0.877564730229767	0.420010760442608
6	1155698	0.877564730229767	0.420010760442608
6	1155863	0.876457523424231	0.4193243211556
6	1157154	0.877988210299247	0.420273417648403
6	1158521	0.877988210299247	0.420273417648403
6	1159922	0.877454880572499	0.419942637828007
6	1160705	0.87908933007349	0.420956657338301
6	1161079	0.87908933007349	0.420956657338302
6	1161354	0.879089330073489	0.420956657338301
6	1161355	0.87908933007349	0.420956657338301
6	1161356	0.87908933007349	0.420956657338301
6	1161629	0.87908933007349	0.420956657338301
6	1161642	0.87908933007349	0.420956657338302
6	1161755	0.87908933007349	0.420956657338302
6	1162649	0.879381062649574	0.421137745407925
6	1162676	0.879381062649573	0.421137745407925
6	1162800	0.879509204374129	0.421217296404691
6	1163160	0.879168713659188	0.421005930480637
6	1163610	0.858772702644071	0.408416853734413
6	1163632	0.858772702644071	0.408416853734413
6	1164660	0.858527112321244	0.408266130964115
6	1165082	0.858527112321244	0.408266130964115
6	1165164	0.866051712627142	0.412893423445089
6	1166408	0.866051712627142	0.412893423445089
6	1166482	0.866051712627142	0.412893423445089
6	1166762	0.865383884828692	0.412481959504727
6	1166982	0.866583574269341	0.413221224231918
6	1169013	0.853472674492716	0.405168697111085
6	1169052	0.853472674492716	0.405168697111085
6	1169121	0.852057773872726	0.404303181626773
6	1169196	0.852057773872726	0.404303181626773
6	1173263	0.85510748467479	0.406169582097692
6	1174801	0.85510748467479	0.406169582097692
6	1175808	0.85510748467479	0.406169582097692
6	1177126	0.851925192808879	0.404222114716623
6	1182743	0.854380914952939	0.405724639827852
6	1184912	0.850670500547388	0.403455226877751
6	1197039	0.850670500547388	0.403455226877751
6	1202673	0.86084827128348	0.409691483746686
6	1214010	1.0549826180865	0.535460864070171
6	1217125	1.08780555180316	0.558020729097309
6	1218994	1.08745961954191	0.557780987647873
6	1225912	1.05868225921409	0.537984784089289
6	1227408	1.05339990856822	0.53438259460362
6	1227764	0.933093335569025	0.454975353671094
6	1235753	1.02652288652608	0.516205686688179
6	1242156	1.25419823092533	0.678256698949086
6	1243062	1.22165499357098	0.653963818594416
6	1245532	1.22165499357098	0.653963818594416
6	1253071	1.26439944747035	0.68595005366452
7	32597	3.24958753491036	2.93714548089292
7	33460	2.42386406544162	1.81371193082116
7	35758	2.43703660536398	1.82949830787825
7	35914	4.71695433484616	5.62087331955574
7	36007	4.94214980642998	6.11201264911338
7	36057	4.32610671180848	4.8188200184425
7	36067	4.33604349980254	4.83842164944612
7	36120	4.23868903339505	4.64814800616194
7	36282	3.03757022393506	2.62252285508684
7	36352	2.97607935289329	2.53467767775674
7	36625	3.06559720004056	2.66306869325386
7	36628	2.86449214454443	2.37915786455514
7	36631	2.86682927618012	2.38236378321723
7	36646	2.70246641582511	2.16224029402372
7	36652	2.69413292629259	2.1513674916568
7	36658	2.69373157444721	2.15084454272737
7	36949	2.59697927648233	2.02665229176946
7	37405	2.35470703217432	1.73195318884029
7	37406	2.00152280177131	1.34355604331291
7	49049	1.12185927275963	0.581827558113328
7	60420	1.07689737312683	0.550481310036178
7	60601	1.08255254999503	0.554384778622356
7	61650	1.08012569862658	0.552708273846781
7	66127	1.05777653909926	0.537366452053171
7	68492	1.05777653909926	0.537366452053171
7	82381	1.05777653909926	0.53736645205317
7	84388	1.05946733795214	0.538520987461173
7	85330	1.05911314422005	0.5382790488146
7	87355	1.05911314422005	0.5382790488146
7	102114	1.06988702355015	0.545658047330975
7	115311	1.00334036203785	0.500730001642068
7	116536	0.961470417245193	0.473252867476689
7	121178	0.961470417245193	0.473252867476689
7	129380	0.93767963735276	0.457910545967522
7	155222	1.18479322518274	0.626905462620707
7	165357	0.921988454704604	0.447898320159093
7	169956	0.960688166906007	0.472745297344573
7	171411	0.987475115455544	0.490246856080028
7	171539	0.990088857978658	0.491967898680354
7	172677	1.00321692183635	0.500648099252407
7	172987	1.06634351972018	0.543226614639741
7	183433	0.975606322295264	0.482461566550493
7	185661	0.975606322295265	0.482461566550493
7	200215	0.820944825660969	0.385442661160164
7	210709	0.766731828413367	0.353360097817824
7	300162	0.0703488692758897	0.0250666583578295
7	301268	-0.24460954555454	0.0932563036034976
7	305857	-0.329873876919518	0.129891619167161
7	306198	-0.329873876919519	0.129891619167161
7	308494	-0.419857996998407	0.170960620166571
7	314131	-0.417134780572486	0.169680955876038
7	315204	-0.358832248456354	0.142836074917097
7	315208	-0.358832248456354	0.142836074917097
7	318927	-0.363977397780664	0.14516287218135
7	325529	-0.378927773438076	0.151970153973051
7	326071	-0.381439089068252	0.15312038313869
7	326936	-0.379542725970045	0.15225163353512
7	328180	-0.74263234138724	0.339415005117674
7	330324	-0.602302574469791	0.262034311547423
7	334563	-0.775056898321723	0.358222545621666
7	335845	-0.773840699526589	0.357510747359271
7	337183	-1.01587912108489	0.50907709161837
7	347124	-0.843965404334372	0.399366031911216
7	347491	-0.843965404334372	0.399366031911216
7	348801	-0.839975084838731	0.396939725883427
7	349230	-0.839660750673339	0.396748825167798
7	349377	-0.839632860170852	0.396731888389761
7	349623	-0.84003866953059	0.396978346070888
7	350671	-0.840056909648614	0.396989425040592
7	351428	-0.845549631675534	0.400330817068529
7	361046	-0.957193198246565	0.470480139974968
7	378869	-1.17122810196491	0.617070092760228
7	379031	-1.08730100837874	0.557671079437172
7	411487	-1.16695574398809	0.613985998516809
7	422683	-1.32435152559814	0.731922303325958
7	448015	-1.17973672080403	0.623231586428296
7	469460	-1.47236531004103	0.851020414145189
7	473567	-1.44880098055988	0.831522640975529
7	476602	-1.4181381299401	0.806456785165101
7	482247	-0.643941648099274	0.284319763496296
7	492153	-0.686945223803654	0.307931414152534
7	493226	-0.68927207067598	0.30922636428337
7	493335	-0.683646399405986	0.306098596687061
7	500630	-0.681585027820858	0.304955127383576
7	509033	-0.693285791215938	0.311464306150516
7	520137	-0.710062772156417	0.32087638805086
7	526169	-0.613892559642973	0.268180590477859
7	537185	-0.471512731369961	0.195673370382435
7	554067	-0.498303961038012	0.208821954998703
7	559344	-0.565516867141069	0.242814902037077
7	606760	-0.736813239634398	0.336076868111227
7	608350	-0.686938552184201	0.307927703794925
7	610009	-0.645578015519203	0.285207117914857
7	666943	-0.492755379933864	0.206080154855611
7	713340	-0.429106682629111	0.175323937935348
7	722064	-0.499498736650435	0.209413625552744
7	735689	-0.458418090695918	0.189329309710385
7	767446	-0.357280201558886	0.142135788249822
7	768936	-0.357280201558886	0.142135788249821
7	808308	-0.399464652329016	0.161433692960853
7	821339	-0.545554182255507	0.232567738575295
7	828199	-0.545496786129947	0.232538460841813
7	829727	-0.552110956330257	0.235919306395606
7	837666	-0.552110956330257	0.235919306395606
7	860410	-0.5282902837744	0.223809030837831
7	866854	-0.67968980821381	0.303905061249242
7	875319	-1.03612504407904	0.522670609075785
7	932569	-1.23658711516583	0.665063152222104
7	949719	-1.26582401506351	0.687027387339165
7	949794	-1.26582401506351	0.687027387339165
7	949932	-1.29057920636305	0.705865396802078
7	950253	-1.23216323923106	0.661766463798131
7	950256	-1.35123220895127	0.752957513131915
7	950259	-1.35123220895127	0.752957513131915
7	950283	-1.46181579323761	0.842266196639889
7	950376	-1.44175006789245	0.825728205927957
7	950379	-1.43486227601652	0.820085450454781
7	950517	-1.31020335396362	0.720956086981776
7	950637	-1.31371536418477	0.723671472099117
7	963897	-1.6584212150065	1.01218864841293
7	970131	-1.16074942011351	0.609517399065158
7	1025871	-0.944163795070285	0.462072718323639
7	1050552	-0.603088478391718	0.262449704225527
7	1051098	-0.603088478391718	0.262449704225527
7	1052491	-0.619643313951557	0.271246491006235
7	1055357	-0.619643313951557	0.271246491006235
7	1055442	-0.575736844962447	0.248110642985331
7	1055627	-0.575758682964683	0.248121994986805
7	1055661	-0.575756346453455	0.248120780395869
7	1055689	-0.575756346453455	0.248120780395869
7	1055982	-0.575756346453455	0.248120780395869
7	1055999	-0.576602438106762	0.248560720325543
7	1056119	-0.593932336806977	0.257622624274306
7	1056211	-0.589340019768568	0.255211809375976
7	1056216	-0.589340019768568	0.255211809375976
7	1056221	-0.605757159471365	0.263861743453924
7	1056333	-0.591899836120825	0.256554785663689
7	1056345	-0.592218629952615	0.256722185582869
7	1056356	-0.592146059132479	0.256684075459454
7	1056357	-0.592146059132479	0.256684075459454
7	1056368	-0.592146059132479	0.256684075459454
7	1056429	-0.629194065694883	0.276362099261872
7	1056493	-0.629194065694883	0.276362099261872
7	1056601	-0.60801777739672	0.26505968060685
7	1056715	-0.607974090616421	0.265036514552828
7	1056717	-0.607974090616421	0.265036514552828
7	1056750	-0.607974090616421	0.265036514552828
7	1056753	-0.607974090616421	0.265036514552828
7	1056767	-0.696380890644103	0.313193685817891
7	1056770	-0.610127106385228	0.266178945519306
7	1056792	-0.610106763363503	0.266168144073008
7	1056799	-0.610106763363503	0.266168144073008
7	1056802	-0.610106763363503	0.266168144073008
7	1056803	-0.610242990818983	0.266240478743067
7	1056814	-0.610242990818983	0.266240478743067
7	1056831	-0.614705641431489	0.268613415306927
7	1056838	-0.614705641431489	0.268613415306927
7	1056841	-0.614705641431489	0.268613415306927
7	1056858	-0.614705641431489	0.268613415306927
7	1056868	-0.595300260488974	0.258342060129244
7	1056889	-0.595300260488975	0.258342060129244
7	1056899	-0.595300260488975	0.258342060129244
7	1056923	-0.595300260488975	0.258342060129244
7	1056925	-0.595300260488975	0.258342060129244
7	1056959	-0.595300260488975	0.258342060129244
7	1056966	-0.595300260488975	0.258342060129244
7	1056974	-0.595300260488975	0.258342060129244
7	1056979	-0.595300260488975	0.258342060129244
7	1056991	-0.595300260488975	0.258342060129244
7	1057000	-0.595289903204132	0.258336610614815
7	1057023	-0.595332927716199	0.258359248310191
7	1057043	-0.595332927716199	0.258359248310191
7	1057063	-0.595130279152354	0.258252628371448
7	1057064	-0.595130279152354	0.258252628371448
7	1057066	-0.595130279152354	0.258252628371448
7	1057067	-0.595130279152354	0.258252628371448
7	1057074	-0.595130279152354	0.258252628371448
7	1057084	-0.595173237368766	0.258275228961138
7	1057086	-0.595154856088678	0.25826555838005
7	1057119	-0.595157870959092	0.258267144526968
7	1057121	-0.595157870959092	0.258267144526968
7	1057158	-0.595157870959092	0.258267144526968
7	1057170	-0.595157870959092	0.258267144526968
7	1057179	-0.595157870959092	0.258267144526968
7	1057185	-0.595157870959092	0.258267144526968
7	1057187	-0.595172749511891	0.258274972293187
7	1057188	-0.595174030481242	0.258275646228259
7	1057191	-0.595139199622371	0.258257321437992
7	1057251	-0.5951628278354	0.25826975238479
7	1057308	-0.595039047151221	0.258204632622494
7	1057470	-0.595416398215218	0.25840316870077
7	1057544	-0.595416398215218	0.25840316870077
7	1057560	-0.595459955345359	0.258426088427645
7	1057564	-0.595452160270274	0.258421986620206
7	1057625	-0.595452160270274	0.258421986620206
7	1057630	-0.595466191432548	0.258429369902051
7	1057633	-0.595467571942313	0.258430096338029
7	1057650	-0.595389802253838	0.258389174229741
7	1057665	-0.595322297371442	0.258353655012402
7	1057666	-0.595322297371442	0.258353655012402
7	1057680	-0.595322297371442	0.258353655012402
7	1057703	-0.595322297371442	0.258353655012402
7	1057704	-0.595322297371442	0.258353655012402
7	1057712	-0.595322297371442	0.258353655012402
7	1057713	-0.595322297371442	0.258353655012402
7	1057725	-0.595367723119141	0.258377556632139
7	1057813	-0.595439282184949	0.258415210150557
7	1057890	-0.59853290611478	0.260044625553005
7	1057946	-0.3740847133072	0.149757441078657
7	1057947	-0.3740847133072	0.149757441078657
7	1057950	-0.374110412576268	0.149769163542724
7	1058005	-0.374110412576268	0.149769163542724
7	1058033	-0.374098244875668	0.149763613342629
7	1058058	-0.377856807185916	0.151480224002716
7	1058065	-0.377856807185916	0.151480224002716
7	1058935	-0.423172272045093	0.172521148899142
7	1065843	-0.442774007284681	0.18182083454545
7	1073164	-0.443202585784988	0.182025509754104
7	1075327	-0.451919986796398	0.186201168125656
7	1076039	-0.450366390940613	0.185455244215354
7	1079596	-0.438767250007459	0.179910122649363
7	1146918	-0.359533642721843	0.143152788225976
7	1147058	-0.359533642721843	0.143152788225976
7	1148344	-0.315575786269541	0.123594783907931
7	1150749	-0.316123700858508	0.12383493758925
7	1150888	-0.316353047273443	0.123935488349532
7	1150990	-0.302463117208311	0.117874623895963
7	1160318	-0.308855836786541	0.120656813746643
7	1168329	0.700004309859218	0.315222288660502
7	1169115	0.704164113213444	0.317556548543198
7	1173363	0.727549501565656	0.330785983493577
7	1189417	0.879323222324712	0.421101839693549
7	1193605	0.85681704166974	0.407217201799936
7	1194057	0.85681704166974	0.407217201799936
7	1196878	0.856817041669739	0.407217201799935
7	1200973	0.87817547029707	0.420389582393466
7	1208946	0.881839567994464	0.422664975552725
7	1209973	0.882981315450681	0.423374934147472
7	1210097	0.882981315450681	0.423374934147472
7	1210423	0.914082086446172	0.442885507397147
7	1210531	0.914113589658078	0.442905438526388
7	1210574	0.914113589658079	0.442905438526388
7	1210624	0.914113589658079	0.442905438526388
7	1210642	0.913997511454548	0.442832001043544
7	1211098	0.912543050084255	0.441912220552915
7	1211197	0.884723782073556	0.424459288975057
7	1219760	0.960196401090398	0.472426319022648
7	1222178	0.960196401090398	0.472426319022648
7	1222320	0.960611214920649	0.472695377792544
7	1225903	1.03204884317048	0.519922257023039
7	1226429	1.03829802886856	0.524138103723826
7	1228951	0.896592212837408	0.431872752243389
7	1230049	0.896592212837407	0.431872752243389
7	1234761	0.899367224369831	0.433613080894235
7	1235059	0.895532280234457	0.431208719016657
7	1235306	0.900914997668913	0.434584901695572
7	1240882	0.905176957902276	0.437265157217804
7	1244570	1.04490705929544	0.528611571157929
7	1249220	1.05054145506158	0.532437409948022
7	1249945	1.0430385143715	0.52734525565173
7	1255902	0.571690650977179	0.246009975582502
7	1260268	0.564302058829508	0.242187657717091
7	1260493	0.577198946643172	0.248871024175509
7	1260643	0.579557909167362	0.250099283054757
7	1262644	0.622835672748526	0.272953084094086
7	1264275	0.627556204805087	0.275482708408096
7	1264881	0.614397536679862	0.268449377720951
7	1267786	0.614397536679862	0.268449377720951
7	1268667	0.614397536679862	0.268449377720951
7	1277813	0.614397536679862	0.268449377720951
7	1287197	0.624389943384197	0.273785179311253
7	1287994	0.624016883963796	0.273585386157104
7	1296479	0.620014456245812	0.27144472817853
7	1299854	0.625462303125721	0.274359737738254
7	1300306	0.62546230312572	0.274359737738254
7	1312184	0.620863694214267	0.271898498087608
7	1313116	0.624352028763407	0.273764871943956
7	1316362	1.90152521434968	1.24235156851543
8	26150	1.40238385424628	0.793712194321796
8	28612	1.39928559620808	0.79121651021673
8	35881	1.28772627251125	0.70368312036329
8	81887	1.28772627251125	0.70368312036329
8	132714	1.66826637497413	1.02107638518304
8	164962	1.70421981747721	1.05384246641527
8	164995	1.70421981747721	1.05384246641527
8	165019	1.59481585791343	0.955642854849298
8	178552	1.53059973671064	0.900083471778837
8	182668	0.698555352100738	0.314410555828467
8	203744	0.81950318256868	0.384576692584914
8	246363	1.08392353821801	0.555332793642484
8	299740	0.814648968761429	0.381666020458491
8	300386	0.734915842232547	0.334990862924954
8	300389	0.775814912794352	0.358666435782719
8	300392	0.775814912794352	0.358666435782719
8	355261	0.775814912794351	0.358666435782719
8	370306	0.414324571629922	0.168362836375467
8	445672	0.0489550769689604	0.0172969056245586
8	462119	-0.174692446322934	0.064834811040023
8	475172	-0.298713707004726	0.116248594234388
8	476021	-0.254906502463974	0.0975644915663686
8	477170	-0.254925895110478	0.0975726352200585
8	479042	-0.263157910674142	0.101039710435422
8	481474	-0.263951264478196	0.101374919153886
8	483479	-0.303591765332163	0.118364925128566
8	483699	-0.303591765332163	0.118364925128566
8	493095	-0.418835054934464	0.170479659188469
8	495313	-0.418255743991924	0.170207426841488
8	509259	-0.28747122507301	0.11139847831763
8	520584	-0.260919441534247	0.100094926769097
8	520880	-0.260919441534247	0.100094926769097
8	526923	-0.282062788406257	0.109078815785446
8	527228	-0.282062788406257	0.109078815785446
8	534633	-0.282062788406257	0.109078815785446
8	542194	-0.282062788406257	0.109078815785446
8	546395	-0.282062788406257	0.109078815785446
8	547410	-0.282062788406257	0.109078815785446
8	554879	-0.282062788406257	0.109078815785446
8	556808	-0.447173158999435	0.183924466603717
8	566065	-0.35878130147478	0.142813075789051
8	575867	-0.317958961646206	0.124640006236344
8	581205	-0.303473335505106	0.11831345936174
8	587594	-0.292707622133278	0.113652760473849
8	606856	-0.469567280484958	0.194727423418698
8	609986	-0.606602703576372	0.26430961620993
8	615371	-0.604837779696231	0.263375024596948
8	620887	-0.866843994659191	0.413381763547853
8	621512	-0.866843994659191	0.413381763547853
8	622369	-0.866843994659191	0.413381763547853
8	622463	-0.779188014315731	0.360644048345078
8	623688	-0.782100173390474	0.362354487920687
8	625101	-0.78222791706338	0.362429582629624
8	625950	-0.757041294937513	0.347729359713173
8	626077	-0.836650313311749	0.394922230562973
8	626100	-0.836550672472342	0.394861825639212
8	626480	-0.856778025394883	0.407193281468679
8	626535	-0.856270863282924	0.406882394601738
8	628826	-0.708042536759774	0.31973807578952
8	629218	-0.704002054395287	0.317465502513099
8	633354	-0.858863441985234	0.408472547134675
8	635130	-0.859947401943012	0.409138069672241
8	637861	-0.859767598519821	0.409027647495337
8	641817	-0.8620830935496	0.410450497708635
8	643053	-0.862640369542085	0.410793211157203
8	643370	-0.862640369542085	0.410793211157203
8	644876	-0.861736511742779	0.410237410248209
8	645315	-0.863410384203551	0.411266928591073
8	645539	-0.863451583583372	0.411292280376527
8	645723	-0.863451583583372	0.411292280376527
8	645821	-0.854779280886114	0.40596857194374
8	645946	-0.856807208537101	0.407211173195327
8	663609	-0.847724974856749	0.401656976875019
8	672421	-0.473175275437071	0.196482704784703
8	674383	-0.474190566666172	0.196977382663807
8	681613	-0.474190566666173	0.196977382663808
8	695441	-0.666578845071611	0.296673204156948
8	698252	-0.543784938729694	0.231665734218409
8	701727	-0.686954737014007	0.30793670485927
8	703707	-0.635645673196416	0.279834580764885
8	706200	-0.658668902773443	0.292337519517129
8	724420	-0.798377866763912	0.371967599914816
8	724426	-0.436855959691464	0.179000453175978
8	733536	-0.272119492543467	0.104837145751044
8	740270	-0.26891793398679	0.103477730947027
8	756899	-0.307968734483351	0.12026999562133
8	759577	-0.171024289515749	0.0633833928345973
8	766409	-0.171024289515749	0.0633833928345973
8	780115	-0.169361849398349	0.0627268914930097
8	783560	-0.169194905304281	0.062661009460166
8	783617	-0.169194905304281	0.062661009460166
8	786426	-0.169194905304281	0.062661009460166
8	789174	-0.171594428688043	0.0636087278617849
8	805928	-0.161950946106977	0.0598101141683685
8	808851	-0.161950946106977	0.0598101141683685
8	811629	-0.283659739003114	0.109762825908604
8	812954	-0.282253609050958	0.109160508174117
8	814167	-0.296038334756958	0.115090949654053
8	818732	-0.290249634916798	0.112593560013025
8	828248	-0.294958045257265	0.114624117348998
8	828453	-0.295732212473606	0.114958627282856
8	830758	-0.29106619569718	0.112945231553723
8	831625	-0.29106619569718	0.112945231553723
8	836332	-0.29106619569718	0.112945231553723
8	852203	-0.291066195697179	0.112945231553723
8	853182	-0.285176455523092	0.110413181503811
8	854358	-0.290124611173876	0.112539733300306
8	865009	-0.29407838767451	0.114244245934373
8	874728	-0.275590311423433	0.106314369857302
8	877940	-0.275590311423432	0.106314369857302
8	878600	-0.251946558703287	0.0963228252168154
8	883570	-0.375350888464952	0.15033523644416
8	884132	-0.689092567718111	0.309126402626369
8	884617	-0.246487069768872	0.0940394898062035
8	891449	-0.16438738026809	0.0607672778028073
8	892813	-0.306357096573759	0.119567856702451
8	894661	-0.300295294270911	0.116933971953831
8	897276	-0.300179586753982	0.116883804664599
8	897725	-0.300573522027754	0.117054619704468
8	904709	-0.308893458726396	0.120673223949857
8	907220	-0.310354938297979	0.121311034783137
8	908358	-0.310354938297978	0.121311034783137
8	908971	-0.309089285721088	0.120758648084596
8	912569	-0.310201055072088	0.121243847388381
8	919875	-0.29548632480858	0.114852362041883
8	930103	-0.273336604889991	0.105354751867264
8	944277	-0.284242862101269	0.110012782266563
8	944352	-0.312419128858439	0.122212981776834
8	945822	-0.312419128858438	0.122212981776834
8	951945	-0.312419128858438	0.122212981776834
8	952184	-0.475399121345553	0.197566648285841
8	952484	-0.276498106262445	0.106701336205703
8	964783	-0.384641603058447	0.1545900213054
8	966913	-0.323302572800232	0.12698990720117
8	970433	-0.318155758267021	0.12472639524474
8	975871	-0.3414196231267	0.135021826322703
8	979720	-0.936896747462499	0.457408990509156
8	979860	-0.632847304442969	0.278326730731111
8	1001137	-0.0855350604538265	0.0306605043903488
8	1005724	-0.110371046350049	0.0399503476044228
8	1018603	-0.110371046350048	0.0399503476044227
8	1019097	-0.110371046350048	0.0399503476044227
8	1025503	-0.172514032000334	0.0639723809591632
8	1026391	-0.172514032000334	0.0639723809591632
8	1031304	-0.172514032000334	0.0639723809591632
8	1034063	-0.165466263958933	0.0611916743561187
8	1040035	-0.386561988971748	0.155472810111829
8	1040541	-0.362619018837858	0.144547779913192
8	1041700	-0.348922867566934	0.138377653720354
8	1042258	-0.350871284232925	0.139251904361287
8	1045891	-0.349823722636249	0.13878172091932
8	1049169	-0.351352592715176	0.139468045796837
8	1050998	-0.351373884268566	0.139477608846055
8	1053000	-0.353718775757171	0.140531662140239
8	1053075	-0.353718775757171	0.140531662140239
8	1053158	-0.35341641610305	0.140395653568205
8	1057093	-0.354721261204115	0.140982804687772
8	1058585	-0.343647669248679	0.136016521049276
8	1063663	-0.344637889631783	0.136459085302418
8	1070238	0.099224383568289	0.0357591778013835
8	1070455	0.10358934731685	0.0373961793589936
8	1077854	0.103085270888131	0.0372068563300872
8	1083743	0.161643084634887	0.0596892924871123
8	1090645	0.185837720309723	0.0692689226418595
8	1095126	0.185837720309723	0.0692689226418596
8	1096950	0.185837720309723	0.0692689226418596
8	1099591	0.212183712995621	0.0798956157293623
8	1150042	0.0914836457411763	0.0328695305985959
8	1150077	0.0914836457411763	0.0328695305985959
8	1154740	0.0914836457411758	0.0328695305985958
8	1232237	0.298446131682833	0.116132715855129
8	1238422	-0.480430055800163	0.200024585442192
8	1252306	-0.853879166480256	0.405417480088557
8	1252793	-1.280138169313	0.69789310300529
