CHR	POSITION	IHS	LOGPVALUE
1	87126	-1.42930376154849	0.815544386012445
1	303924	-2.04052698431727	1.3840723870431
1	698027	0.0561349982743991	0.0198901082289718
1	715530	-2.5011444410511	1.9073050423723
1	732150	-1.59788243067349	0.958334407559366
1	755389	-0.267308480304245	0.102795502504013
1	758101	-1.43851387865397	0.823074820943999
1	773113	1.01227446620927	0.506671852588006
1	807015	-0.907182036290571	0.438528261960239
1	814587	-0.907182036290571	0.438528261960239
1	844126	-1.01623260675902	0.509313202030559
1	855001	-2.55299452304533	1.9714239666309
2	23546	0.47257187233696	0.196188864380217
2	23946	0.47257187233696	0.196188864380217
2	40644	-0.556033996588837	0.237931215777938
2	41909	-0.620649635617814	0.271784098863826
2	55683	-0.524567305013087	0.221932706733089
2	60284	-0.566401278087219	0.243271850759194
2	65095	-0.702353010408367	0.316539550026537
2	65932	-0.561849363100332	0.240922701358895
2	98233	-0.432306038872792	0.17683954213052
2	98242	-0.432306038872792	0.17683954213052
2	98245	-0.432306038872792	0.17683954213052
2	111770	-0.995834200259386	0.495759313199488
2	113740	-0.613531989256444	0.267988718239349
2	115723	-0.67219924563243	0.299766422075474
2	129854	-0.652169611736717	0.288790432893615
2	136116	-1.07134091241173	0.546656932847794
2	146433	-0.705125725711004	0.318096969618552
2	151591	-0.144934994484657	0.0531734418568551
2	159333	-1.10280238398169	0.568454525463881
2	160241	-0.282253039345812	0.109160264260838
2	161404	0.118341759426986	0.0429691840691185
2	163139	0.771146509606961	0.355935699754272
2	163180	0.771146509606961	0.355935699754272
2	165521	0.771146509606961	0.355935699754272
2	166835	0.771146509606961	0.355935699754272
2	166888	0.771146509606961	0.355935699754272
2	167214	0.771146509606961	0.355935699754272
2	168270	0.771146509606961	0.355935699754272
2	168439	0.338901958973731	0.133899661316051
2	168473	0.338901958973731	0.133899661316051
2	172043	-1.79172921065605	1.13562923867998
2	172561	-0.592168284295302	0.25669574668683
2	173072	0.3155941366333	0.123602825486723
2	181477	0.497467882094779	0.208408185961614
2	181650	0.497467882094779	0.208408185961614
2	181854	0.0110753428577298	0.0038547714503615
2	182024	0.0110753428577298	0.0038547714503615
2	185029	0.463342621328035	0.191708794765273
2	186225	1.09155583097273	0.560622490544523
2	187750	1.09155583097273	0.560622490544523
2	189352	0.521492365733473	0.220386323138375
2	189948	0.0856245798839048	0.0306936730868119
2	195761	0.503834439478736	0.211564539105675
2	198179	0.507317221151969	0.213296652940681
2	198180	0.0315710992518875	0.0110782015306052
2	202948	0.0315710992518871	0.0110782015306051
2	229557	0.397947862930061	0.160730276732066
2	230196	0.993635003771733	0.494306684321985
2	232084	-1.56349358644429	0.928351606388469
2	237046	0.237505540312571	0.0903024621615449
2	237908	0.237505540312571	0.0903024621615449
2	241490	0.237505540312571	0.090302462161545
2	249335	-0.220928456493662	0.0834680750835012
2	267621	0.173049180414893	0.0641841167395216
2	282383	0.675195302672456	0.301419566916131
2	282713	0.675195302672456	0.301419566916131
2	283102	0.675195302672456	0.301419566916131
2	283330	0.134459810777663	0.0491295800245356
2	283543	0.134459810777663	0.0491295800245356
2	283672	0.134459810777663	0.0491295800245356
2	287664	0.134459810777663	0.0491295800245355
2	292951	0.72818764094948	0.331149533913187
2	296881	1.64872176731213	1.00346797678971
2	301577	1.58725209478024	0.949019066186666
2	304525	0.211731064489074	0.0797113123157924
2	305137	1.31602229854985	0.725457558069397
2	327378	1.61281771295655	0.971493340459549
2	327578	0.391278450551164	0.157645780025674
2	336076	0.655349115417173	0.290523963427786
2	352109	0.655349115417173	0.290523963427785
2	356342	0.151297057605549	0.0556449747716158
2	359393	2.11584865464147	1.46397615044558
2	365814	1.1482159355804	0.600534941678889
2	381947	1.18376433200674	0.626157166662425
2	386699	0.653606725427692	0.289573566016395
2	388085	0.977202384418362	0.483505654271328
2	398419	0.648825738605624	0.286970861398427
2	411698	1.02422763688448	0.514665114406281
2	411968	0.650336609174399	0.287792549000695
2	416247	0.547885944882947	0.233758063374494
2	423427	0.407274547424788	0.165066867644897
2	430031	0.957453642445837	0.470648793335642
2	463571	0.432926002174217	0.177133602412595
2	465440	0.416966496527671	0.169601953513182
2	545038	0.744073473457638	0.340243457371062
2	557007	0.402460086463581	0.162824933417164
2	561273	0.249085267154191	0.095125030587498
2	570663	1.00443917063554	0.501459293202423
2	577564	1.00443917063554	0.501459293202423
2	584178	1.00443917063554	0.501459293202423
2	585521	0.307060720615922	0.119874306253643
2	588254	0.969352496305754	0.478379038597805
2	589928	0.969352496305754	0.478379038597805
2	611546	0.463038610915251	0.191561678703128
2	620053	0.463038610915251	0.191561678703128
2	645307	0.869342470244626	0.414923153754227
2	654388	0.736381126806276	0.335829436078223
2	657007	0.473364059969388	0.19657466117533
2	657159	0.564534381132692	0.242307576371276
2	675350	0.564534381132692	0.242307576371276
2	681722	0.491112477606262	0.205270198194901
2	681862	0.491112477606262	0.205270198194901
2	685966	-1.20983748840905	0.645236274609102
2	685967	-1.20983748840905	0.645236274609102
2	686016	-1.20983748840905	0.645236274609102
2	686144	-0.984576932541679	0.488341294166387
2	686164	-0.984576932541679	0.488341294166387
2	686168	-1.15574221307429	0.605922155285261
2	703900	-0.935950147723907	0.45680283699118
2	715999	0.23947940138625	0.0911216846280246
2	746853	-1.23187924776062	0.661555072175031
2	750166	-1.23187924776062	0.661555072175031
2	785378	-1.26978634758273	0.690027757951743
2	801683	-1.50355370750446	0.877141126616876
2	801698	-1.42883702715201	0.815163600070477
2	822759	-1.15277686899808	0.603797197941425
2	867406	-0.89140301685155	0.428625459244047
2	867690	-0.89140301685155	0.428625459244047
2	868610	-0.111276900018315	0.0402925135885054
2	882846	0.160153222531416	0.0591049789399434
2	915396	0.538679532005103	0.229068498262328
2	919021	1.64056250329517	0.996159351015532
2	927445	1.8732864471299	1.21446488218703
2	928068	3.30708136218714	3.02561034109042
3	7056	-1.17575251865719	0.620343226299778
3	10626	-1.17575251865719	0.620343226299778
3	15813	-2.47295202739504	1.87288830018552
3	15997	-1.39861254028562	0.79067481959739
3	16876	-1.39861254028562	0.79067481959739
3	22643	-2.47071993354307	1.87017682684464
3	23276	-2.47071993354307	1.87017682684464
3	23846	-1.40775423327469	0.798046415895731
3	26099	-1.29885157107583	0.712209749145171
3	26125	-1.29885157107583	0.712209749145171
3	27895	-1.29885157107583	0.712209749145171
3	34627	-1.29294247747228	0.707675345028121
3	36296	-1.29294247747228	0.707675345028121
3	46834	-1.16450662134478	0.612220975354159
3	50708	-2.28939865292976	1.6564693020866
3	58804	-1.01757232921376	0.510208463800531
3	76579	-1.10720471149743	0.571532432206474
3	78940	-1.10720471149743	0.571532432206474
3	89160	-1.266244647648	0.687345631810388
3	94523	-0.992978731017102	0.493873524012391
3	94806	-0.992978731017102	0.493873524012391
3	95613	-1.06320884528976	0.54107938212646
3	96554	-2.34675070830119	1.72266770469738
3	102291	-1.03224947486449	0.520057395760663
3	103469	-1.03224947486449	0.520057395760663
3	103639	-0.981303872400554	0.486192754456692
3	103794	-0.984738639920199	0.488447540343041
3	103948	-0.984230410265615	0.488113650099038
3	104045	-1.03752580618077	0.523616404881983
3	109686	-0.983093098760988	0.487366798390085
3	114518	-0.98330480444672	0.487505787653139
3	115087	-2.34947600320234	1.72584548003089
3	115535	-1.03034571549738	0.518775654162277
3	118260	-1.06768260079905	0.544144928510514
3	127366	-1.29076225627917	0.706005516363829
3	134908	-0.689635590943494	0.309428834149969
3	135390	0.376940593372851	0.15106136896724
3	135391	0.376940593372851	0.15106136896724
3	138894	1.33914287322357	0.743464653764083
3	145262	-0.670221322992039	0.298676676307763
3	148866	1.42557032374341	0.812500691315117
3	150336	0.301623621007762	0.117510184681274
3	152405	1.21631437018178	0.650013433046828
3	152407	0.271215470721683	0.104452976895015
3	173820	-0.948986012190066	0.465177495697382
3	192170	-0.961038039208489	0.472972288961052
3	199815	-1.03071824193014	0.519026364899701
3	200362	-1.03071824193014	0.519026364899701
3	201734	-2.28658933535788	1.65325977028824
3	209502	-1.23703554851964	0.665397718433979
3	218094	-1.24082408986266	0.66822714664914
3	223545	0.262517316717431	0.100769183615364
3	224434	1.35292588969239	0.754291678500211
3	224719	0.356717309874752	0.14188199323966
3	231797	0.399039214023374	0.161236322462899
3	232480	0.399039214023374	0.161236322462899
3	235069	0.703590149245886	0.317234129827237
3	235613	0.213874886839987	0.0805847411105689
3	236451	0.213874886839987	0.0805847411105689
3	240163	-0.792109992877281	0.368255430092181
3	240181	-0.430882041444297	0.176164568507867
3	240262	-0.430882041444297	0.176164568507867
3	240265	0.982978266320573	0.487291414967844
3	240277	2.15151365724804	1.50257715424653
3	240478	-0.430622740839165	0.176041728483238
3	250427	-1.86383303259052	1.2051972883606
3	251071	-1.48394451938442	0.8606762848392
3	278239	-0.404167613925347	0.163619247820758
3	339523	-1.01343247930215	0.507444053713946
3	343070	0.968255839178986	0.47766453143596
3	348766	-0.94048474048308	0.459709359019501
3	355620	0.0346559481355307	0.0121755555403701
3	360495	-0.850805710847558	0.403537843838131
3	668648	-0.908371479614397	0.439278206661751
3	908697	-0.711447163223262	0.321657211853299
3	908702	-0.711447163223262	0.321657211853299
3	908955	-0.711447163223262	0.321657211853299
3	909215	-1.46744730993903	0.84693425305574
3	909439	-0.575172512813434	0.247817340832288
3	910180	-0.59131377025386	0.256247126035044
3	910744	0.115227292908246	0.0417874372204072
3	910794	-0.590941342081643	0.256051674923336
3	910978	-0.590941342081643	0.256051674923336
3	912899	0.211279249914999	0.079527408811875
3	914553	-0.618737781405434	0.270763009830859
3	933539	-0.108454719283788	0.0392272728606529
3	934851	-0.108454719283788	0.039227272860653
3	937326	-0.413092195776836	0.167785570418431
3	939294	0.160626402024278	0.0592904866325092
3	940541	0.636477556701129	0.280283319540923
3	941957	1.36142504185919	0.761002487144404
3	951923	-1.53155884012509	0.900902021622725
3	976435	-0.993030353393403	0.493907590953817
3	980581	-1.59714372569749	0.957685720481497
3	986577	-0.973311237506264	0.480961750287945
3	990685	-1.60378379738172	0.96352394389802
3	990686	-0.966259758627602	0.476365089725046
3	990687	-1.57011904777395	0.934093966363006
3	991106	-1.57011904777395	0.934093966363006
3	993766	-1.33228449035939	0.73810287808015
3	995454	-1.29747935959519	0.711155643320669
3	998674	-1.29747935959519	0.711155643320669
3	1004905	-1.29747935959519	0.711155643320668
3	1006498	-1.40153684910407	0.793029572878785
3	1007113	-1.28627288759488	0.702572522008581
3	1014545	-1.05726403147118	0.537016692299529
3	1019826	1.03661320541541	0.523000138151968
3	1024093	0.0614109244514163	0.0218048915939849
3	1032375	-0.840941105870646	0.397526617401388
3	1071755	2.12779762282109	1.47685381309782
3	1074355	0.546659346007247	0.233131688166793
3	1074418	0.324068257116852	0.127327335669723
3	1074422	0.324068257116852	0.127327335669723
3	1074425	2.24261386336617	1.60342189217474
3	1074438	2.24261386336617	1.60342189217474
3	1074439	2.24261386336617	1.60342189217474
3	1074441	0.48249407007892	0.201035305504477
3	1085814	1.66255065672276	1.01591208514524
4	216867	1.056514923142	0.536505630604312
4	216868	2.27716946417541	1.64252048927772
4	216876	2.39640079302271	1.78101901064478
4	216990	2.23527253148507	1.59517547797873
4	219771	1.97205589043039	1.31333489843808
4	221362	1.80015847591017	1.1436601652534
4	229537	2.42731811206377	1.81784474843874
4	230324	1.8993421994708	1.2401849141976
4	230517	1.8993421994708	1.2401849141976
4	230794	0.998364550007583	0.497432757841876
4	232370	0.998364550007583	0.497432757841876
4	237249	0.940362666211306	0.459631020674581
4	237812	1.33204523273891	0.737916138474989
4	256412	1.37545265106267	0.772136024650974
4	261851	-0.202656990314965	0.0760294093494675
4	262728	-0.202656990314965	0.0760294093494675
4	264493	-0.215176620016232	0.0811157516467016
4	293035	-1.52370509023428	0.894209241498535
4	294971	-0.773914336238931	0.357553830218662
4	312195	-1.40407223034721	0.795073679235652
4	320981	-0.84722648302199	0.401352938124302
4	396828	0.668188968451337	0.297558282088218
4	399365	-0.142986508491823	0.0524188408690691
4	408855	-0.57104125443962	0.245673319635457
4	425449	-0.462537636061839	0.191319311560543
4	551146	0.205999434482577	0.0773828162183976
4	568732	-0.338408327653967	0.133679868848822
4	582845	-0.415113793786409	0.168732770022645
4	587056	0.0663522851072633	0.0236053751559353
4	625854	-0.309080588852651	0.12075485406833
4	655206	-0.199561117492267	0.0747787795445372
4	675713	-0.199561117492267	0.0747787795445372
4	791159	-0.199561117492267	0.0747787795445372
4	806864	-0.199561117492267	0.0747787795445372
4	890254	-0.199561117492267	0.0747787795445372
4	900323	-0.592494267647499	0.256866950586385
4	911755	-0.0721272046435796	0.0257183294307121
4	912899	-0.515469253071154	0.217366050421321
4	923333	-1.49150841347544	0.867010489547707
4	928639	-1.49150841347545	0.867010489547707
4	930187	-1.49150841347545	0.867010489547707
4	935117	-0.296252697534036	0.11518362554076
4	943013	-1.68785630340724	1.03886940406464
4	943332	-1.68785630340724	1.03886940406464
4	962743	-0.515911801466954	0.217587571226911
4	973644	-0.515911801466954	0.217587571226911
4	976096	-0.515911801466954	0.217587571226911
4	977018	-0.515911801466954	0.217587571226911
4	977963	-0.821366020987665	0.385695798127826
4	978116	-0.297287768081701	0.115631315177778
4	978613	-0.297287768081701	0.115631315177778
4	994328	-0.10300098898661	0.037175208489267
4	996003	-0.10300098898661	0.037175208489267
4	1002989	0.864629733270665	0.412017492191901
4	1003595	0.864629733270665	0.412017492191901
4	1004085	-0.0879770340105065	0.0315661203619667
5	168062	0.214128689643468	0.0806882345051832
5	170080	0.214128689643468	0.0806882345051832
5	308830	-0.10467973064274	0.0378059585123589
5	452244	-0.566335204900459	0.243237704004472
5	627816	-0.603612167988766	0.262726613822714
5	655171	-0.0502082800562326	0.0177484855777341
5	655669	-0.0502082800562326	0.0177484855777341
5	659024	-0.0502082800562326	0.0177484855777341
5	666859	-0.168821706597729	0.0625137614849361
5	671266	1.86449385502919	1.20584401425053
5	671272	1.86449385502919	1.20584401425053
5	673433	1.45234203641974	0.834439568578325
5	695336	1.60628183760884	0.965724579723857
5	737858	-0.630202866917638	0.276904174803089
5	747783	0.0140731616152496	0.00490401071594015
5	772978	0.0753525053340168	0.0269025263746944
5	773357	0.0753525053340168	0.0269025263746944
5	780443	0.942944921549479	0.461289218584052
5	788196	0.0806941568936891	0.0288702473538383
5	813249	0.0806941568936891	0.0288702473538383
5	823050	0.0806941568936891	0.0288702473538383
5	823735	0.0806941568936891	0.0288702473538383
5	825172	0.0806941568936891	0.0288702473538383
5	825243	-1.22637245616347	0.65746176034687
5	825723	0.141264912165499	0.0517530233408709
5	826951	0.141264912165499	0.0517530233408708
5	827712	0.141264912165499	0.0517530233408708
5	828710	0.141264912165499	0.0517530233408708
5	830697	0.141264912165499	0.0517530233408709
5	838123	0.141264912165499	0.0517530233408708
5	838144	0.141264912165499	0.0517530233408708
5	838340	0.141264912165499	0.0517530233408708
5	845569	0.141264912165499	0.0517530233408709
5	846555	0.141264912165499	0.0517530233408708
5	848024	1.02587676084079	0.515771820927451
5	852215	0.156066852948123	0.0575056478779323
5	863560	0.156066852948124	0.0575056478779324
5	895743	-1.20457908604461	0.641368869911512
5	896768	0.297967935246367	0.115925678099932
5	902822	-1.07116881531291	0.546538655829452
5	921624	-0.302095275305695	0.117714911360736
5	923631	-0.696577342640251	0.313303559826714
5	936793	-0.383384189583931	0.154012614457834
5	948785	0.709920865210616	0.320796385651825
5	1009579	2.44867110767728	1.8434983755565
6	80717	-0.339767392778197	0.134285180991253
6	529025	-0.282418031579575	0.109230908040175
6	625691	-0.637715404773308	0.280951464564936
6	717905	-0.289281863785187	0.112177026734218
6	857791	0.104719920848669	0.0378210689741933
6	883768	0.345352083908805	0.136778470143295
6	890729	0.861247065313838	0.409936555580087
6	892303	0.488294952237695	0.203883140383533
6	893412	0.488294952237694	0.203883140383533
6	896036	1.21363905635373	0.648038379826549
6	897010	0.509509060194919	0.214388712852777
6	910145	-0.58006018919033	0.250361041190978
6	926355	-1.26154863383475	0.683796311467884
6	931044	-2.85509759892044	2.36629319971824
6	931126	-2.85509759892044	2.36629319971824
6	932620	-1.14003749993036	0.594703718241194
6	938952	-1.75580071144021	1.10170031248865
6	944725	-1.70266957112287	1.0524196308717
6	945648	-2.28895179032062	1.65595857299776
6	946007	-1.63750890887452	0.993430513863807
6	952870	-1.65035859003762	1.00493715525283
6	953911	-1.24805551710867	0.673642164988503
6	962525	-2.19938623387248	1.55516746129744
6	964653	-1.34403441327288	0.74729921967082
6	969109	-1.13116186036108	0.588402225706581
6	973643	-1.20852450609062	0.644269687235095
6	974726	-1.70641597400364	1.05585967420483
6	998208	-1.3773947091557	0.773683064018373
6	1009390	-1.10839747466143	0.572367535831308
6	1023215	-0.0776364161004861	0.0277428671244478
6	1024745	-1.42736607252796	0.813964042178495
6	1113482	0.430524201978746	0.175995052593172
6	1114115	0.82881634363843	0.390183337338048
6	1115722	-0.0852043106572874	0.0305379748993856
6	1115787	-0.0852043106572874	0.0305379748993856
6	1117130	1.33198403489564	0.73786837714239
6	1122668	-0.0849465405521852	0.0304425030173467
6	1123475	-0.0849465405521852	0.0304425030173467
6	1125355	0.897927719385302	0.432709976443564
6	1125475	0.897927719385302	0.432709976443564
6	1125925	0.897927719385302	0.432709976443564
6	1125945	1.60879650964889	0.967942218468634
6	1127352	1.40094621652608	0.792553723387757
6	1127518	0.914265671487925	0.443001660892851
6	1127997	0.914265671487925	0.443001660892851
6	1128006	2.48887926398841	1.89229333328991
6	1128063	2.48887926398841	1.89229333328991
6	1128078	2.48887926398841	1.89229333328991
6	1128144	1.44130366278	0.825361965142502
6	1128210	0.866764899828652	0.41333300213433
6	1128808	2.26842936199804	1.63258723575085
6	1128864	0.866706661876393	0.413297100204014
6	1128885	0.866706661876393	0.413297100204014
6	1128917	0.866706661876393	0.413297100204014
6	1128930	2.12290425322884	1.47157342974576
6	1129411	1.07173863664363	0.546930316238523
6	1129453	2.75163779245824	2.22695946169558
6	1129471	2.75163779245824	2.22695946169558
6	1130104	1.31292027204362	0.723056338643057
6	1130124	2.29819160912075	1.66653486916942
6	1130125	2.29819160912075	1.66653486916942
6	1130369	0.730160662993655	0.332274429071055
6	1130400	0.730160662993655	0.332274429071055
6	1130432	2.30594025912517	1.67543008579675
6	1130736	0.730649142659958	0.332553130030938
6	1132329	0.643014839882965	0.283817571285288
6	1133994	0.888533398242501	0.426833666657248
6	1134060	1.89771820018848	1.23857426677369
6	1134109	0.562459580119262	0.241237234405594
6	1134194	2.1186463660965	1.46698634238406
6	1134354	0.534321363165616	0.226858006607726
6	1135026	0.534321363165616	0.226858006607726
6	1135691	0.534321363165616	0.226858006607726
6	1136050	1.26826506432668	0.68887513785179
6	1137713	0.627249481648071	0.275318121706573
6	1137820	0.627249481648071	0.275318121706573
6	1139276	0.154991205755377	0.0570854662054479
6	1139902	1.61306084411381	0.971708242903592
6	1140898	0.154846613898023	0.0570290097066721
6	1140917	0.154846613898023	0.0570290097066721
6	1143557	0.865681899760671	0.412665554528675
6	1143769	0.759116587691933	0.348932575613427
6	1144525	0.759116587691933	0.348932575613427
6	1145833	2.11478775976722	1.46283547600474
6	1146096	0.712529739505845	0.322268249045306
6	1146405	0.712529739505845	0.322268249045306
6	1146870	0.712529739505845	0.322268249045306
6	1147144	2.11613963876529	1.46428909287294
6	1148231	0.712606858125906	0.322311791845408
6	1148396	0.712606858125906	0.322311791845408
6	1148870	0.712606858125906	0.322311791845408
6	1149101	2.14373526371998	1.49411634518836
6	1149551	0.71263432217075	0.322327299101027
6	1150475	0.71263432217075	0.322327299101027
6	1150955	2.13591555674813	1.48563427290614
6	1151346	0.712291517570102	0.322133756373454
6	1151462	2.16439596602936	1.51664134663761
6	1151535	0.712450193801455	0.322223337929146
6	1152255	0.712450193801455	0.322223337929146
6	1152300	2.10346522781939	1.45068864794884
6	1152774	1.07357117445589	0.548190664411327
6	1153087	2.62971977190709	2.06826111458634
6	1153341	2.62971977190709	2.06826111458634
6	1153478	1.10835042800661	0.572334586973994
6	1153681	1.6325849332174	0.989037562048239
6	1153687	-0.906291920778456	0.437967361041991
6	1153867	-0.194984218759247	0.0729350327421295
6	1155698	-0.194984218759247	0.0729350327421295
6	1155863	0.874998659772654	0.418420502608464
6	1157154	-0.194798276033795	0.0728602582635872
6	1158521	-0.194798276033795	0.0728602582635872
6	1159922	0.870017957529453	0.415340249050108
6	1160705	-0.194690180417192	0.0728167936718988
6	1161079	-0.194690180417192	0.0728167936718988
6	1161354	-0.194690180417192	0.0728167936718988
6	1161355	-0.194690180417192	0.0728167936718988
6	1161356	-0.194690180417192	0.0728167936718988
6	1161629	-0.194690180417192	0.0728167936718988
6	1161642	-0.194690180417192	0.0728167936718988
6	1161755	-0.194690180417192	0.0728167936718988
6	1162649	-0.194690180417192	0.0728167936718988
6	1162676	-0.194690180417192	0.0728167936718988
6	1162800	-0.194690180417192	0.0728167936718988
6	1163160	-0.194690180417192	0.0728167936718988
6	1163610	0.861264147306819	0.409947054226627
6	1163632	0.861264147306819	0.409947054226627
6	1164660	0.861264147306819	0.409947054226627
6	1165082	0.861264147306819	0.409947054226627
6	1165164	-0.195164496635951	0.0730075388795269
6	1166408	-0.195164496635951	0.0730075388795269
6	1166482	-0.195164496635951	0.0730075388795269
6	1166762	0.881593058541206	0.422511750101349
6	1166982	-0.194948623418419	0.072920717746383
6	1169013	-0.194948623418419	0.072920717746383
6	1169052	-0.194948623418419	0.072920717746383
6	1169121	0.855830899687469	0.406612770833974
6	1169196	0.855830899687469	0.406612770833974
6	1173263	-0.19403757857291	0.0725544593937465
6	1174801	-0.19403757857291	0.0725544593937465
6	1175808	-0.19403757857291	0.0725544593937465
6	1177126	0.83834850361163	0.39595223626246
6	1182743	-0.194442567884976	0.0727172431207797
6	1184912	0.69106931262138	0.310227799629829
6	1197039	0.69106931262138	0.310227799629829
6	1202673	-0.191028897589556	0.0713466418727929
6	1214010	0.191047936718268	0.0713542766605142
6	1217125	0.347422437045384	0.137705206637283
6	1218994	0.124371528532404	0.0452650313044389
6	1225912	1.57453555624636	0.937930868318863
6	1227408	0.590850845350849	0.256004188828392
6	1227764	0.985265619947974	0.488793843631949
6	1235753	-0.609180400930842	0.265676420008751
6	1242156	-0.673521272693202	0.300495517168793
6	1243062	0.316568103244422	0.124029788374067
6	1245532	0.316568103244421	0.124029788374067
6	1253071	1.45170018588645	0.833910505337213
7	32597	0.485377096185634	0.2024493414829
7	33460	-0.3364012960207	0.13278699232954
7	35758	-2.67837717141949	2.13088649385461
7	35914	1.26324874466517	0.685080364673327
7	36007	0.796664747978214	0.370951685804343
7	36057	-0.407936909132304	0.165375871269199
7	36067	0.971873864071061	0.480023369712311
7	36120	0.792238062215337	0.368331147251708
7	36282	-0.281890588361386	0.109005104492364
7	36352	-1.70080928913812	1.05071343408655
7	36625	1.30931116221482	0.720266981375271
7	36628	-0.102268182271939	0.0369001252912431
7	36646	-1.31313911811601	0.723225628939787
7	36652	-1.31313911811601	0.723225628939787
7	36658	-0.690836626484124	0.31009808521086
7	37405	-1.22745679276554	0.658266910350432
7	37406	-1.50451599232745	0.877952763202061
7	155222	-1.46162705728424	0.842109952449262
7	165357	1.70792681882097	1.05724846508263
7	169956	-0.481814323972089	0.200702294116271
7	171411	-0.481814323972089	0.200702294116271
7	171539	-0.481814323972089	0.200702294116271
7	172677	0.539550528051224	0.22951100258241
7	172987	-0.446847840647413	0.183768694565792
7	183433	-1.47158656129749	0.850372790758854
7	185661	-1.47158656129749	0.850372790758854
7	200215	-1.47158656129749	0.850372790758854
7	210709	-0.720916944830635	0.327015408493416
7	300162	-1.93026235616594	1.27104318034506
7	301268	-1.99632453015272	1.33820046977226
7	328180	-0.830782610680913	0.391370809199155
7	337183	-0.965782201019471	0.476054405768787
7	361046	-1.15750948477396	0.607190063178128
7	378869	-0.197589276816856	0.0739836924066715
7	379031	-0.64553368625465	0.285183067889486
7	411487	-1.47999227115749	0.857374960863535
7	422683	-2.52598577628668	1.93789147686265
7	448015	-1.31497486875408	0.724646372937159
7	469460	0.839803079120814	0.39683525960669
7	473567	0.0280054226143513	0.00981311881681881
7	476602	0.79017086195285	0.367109651386209
7	482247	-0.374463200574084	0.149930104846032
7	492153	1.30821355375927	0.719419612566013
7	493226	0.499933255414576	0.209628918109909
7	493335	0.819919861801347	0.384826911959351
7	500630	0.781695882239035	0.362116859623359
7	509033	0.781695882239035	0.362116859623359
7	520137	0.914246975658253	0.44298983158962
7	526169	0.00305107413580871	0.00105853596880174
7	537185	-0.719777901525635	0.326369339142929
7	554067	-0.719777901525634	0.326369339142929
7	559344	-0.0817530987693605	0.0292612949776107
7	606760	-0.0765574643654731	0.0273456939343224
7	608350	-0.104393404803678	0.0376983208914832
7	610009	-0.113036587262027	0.0409578685923288
7	666943	0.0329722601011158	0.0115762979349702
7	713340	-0.618489662905041	0.270630581236408
7	722064	0.0034276637246069	0.00118936808053335
7	735689	0.0242040819417231	0.00846833188849155
7	767446	0.0445077932852261	0.015697930124638
7	768936	0.0445077932852261	0.015697930124638
7	808308	0.141469476655626	0.0518320925797393
7	821339	-0.0999185858582316	0.0360191618289073
7	828199	-0.0999185858582316	0.0360191618289073
7	829727	0.0336222253102673	0.0118075393598692
7	837666	0.0336222253102673	0.0118075393598692
7	860410	-0.0810981056394106	0.0290193805735416
7	866854	-0.0682361873476189	0.0242936292029958
7	875319	-0.216478114340758	0.0816471656812494
7	932569	0.363050397622215	0.144743052528122
7	949719	-0.0569375782227872	0.0201808812267601
7	949794	-0.0569375782227872	0.0201808812267601
7	949932	-0.686253135508717	0.307546594139298
7	950253	-0.686253135508717	0.307546594139298
7	950256	-1.29441003249012	0.708800310658252
7	950259	-1.29441003249012	0.708800310658252
7	950283	1.50878501500137	0.881557585566575
7	950376	0.501084246205367	0.210199493502719
7	950379	0.937836920579261	0.458011334351371
7	950517	1.49791246940185	0.872389920090517
7	950637	1.49791246940185	0.872389920090517
7	963897	0.62450874967985	0.273848815928263
7	970131	1.05591098901317	0.536093753887887
7	1025871	-0.804727905786896	0.375741927727695
7	1050552	0.146668061669555	0.0538455405205486
7	1051098	0.146668061669555	0.0538455405205486
7	1052491	1.43039779066507	0.816437264379639
7	1055357	1.43039779066507	0.816437264379639
7	1055442	-0.739978885101907	0.337891445473499
7	1055627	-0.739978885101907	0.337891445473499
7	1055661	-0.739978885101907	0.337891445473499
7	1055689	-0.739978885101907	0.337891445473499
7	1055982	-0.739978885101907	0.337891445473499
7	1055999	0.346287840538627	0.137197173192692
7	1056119	-1.24363513773972	0.670329876111249
7	1056211	-1.24363513773972	0.670329876111248
7	1056216	-1.24363513773972	0.670329876111248
7	1056221	-1.32145288995402	0.72966966905021
7	1056333	-0.738496408958555	0.337041260549129
7	1056345	0.16628555093772	0.0615141809248279
7	1056356	-0.738600064880429	0.337100682340474
7	1056357	-0.738600064880429	0.337100682340474
7	1056368	-0.738600064880429	0.337100682340474
7	1056429	1.18206685525986	0.624923446742868
7	1056493	1.18206685525986	0.624923446742868
7	1056601	1.18206685525986	0.624923446742868
7	1056715	0.161113234480069	0.0594814149145454
7	1056717	0.161113234480069	0.0594814149145454
7	1056750	0.161113234480069	0.0594814149145454
7	1056753	0.161113234480069	0.0594814149145454
7	1056767	1.14450182749699	0.597883841636188
7	1056770	0.16133533674453	0.0595685429596093
7	1056792	0.16133533674453	0.0595685429596093
7	1056799	0.16133533674453	0.0595685429596093
7	1056802	0.16133533674453	0.0595685429596093
7	1056803	1.18523267732865	0.627225183521072
7	1056814	1.18523267732865	0.627225183521072
7	1056831	0.161277084863876	0.0595456900587507
7	1056838	0.161277084863876	0.0595456900587507
7	1056841	0.161277084863876	0.0595456900587507
7	1056858	0.161277084863876	0.0595456900587507
7	1056868	1.1831493523459	0.625710082998458
7	1056889	1.1831493523459	0.625710082998458
7	1056899	1.1831493523459	0.625710082998458
7	1056923	1.1831493523459	0.625710082998458
7	1056925	1.1831493523459	0.625710082998458
7	1056959	1.1831493523459	0.625710082998458
7	1056966	1.1831493523459	0.625710082998458
7	1056974	1.1831493523459	0.625710082998458
7	1056979	1.1831493523459	0.625710082998458
7	1056991	1.1831493523459	0.625710082998458
7	1057000	1.1831493523459	0.625710082998458
7	1057023	1.1831493523459	0.625710082998458
7	1057043	1.1831493523459	0.625710082998458
7	1057063	-0.738449342517423	0.337014280424432
7	1057064	-0.738449342517423	0.337014280424432
7	1057066	-0.738449342517423	0.337014280424432
7	1057067	-0.738449342517423	0.337014280424432
7	1057074	-0.738449342517423	0.337014280424432
7	1057084	0.166551616730644	0.06161895794863
7	1057086	-0.73845893794405	0.337019780797531
7	1057119	0.165940623302515	0.0613783787344662
7	1057121	0.165940623302515	0.0613783787344662
7	1057158	0.165940623302514	0.0613783787344662
7	1057170	0.165940623302514	0.0613783787344662
7	1057179	0.165940623302514	0.0613783787344662
7	1057185	0.165940623302514	0.0613783787344662
7	1057187	-0.738466473131562	0.337024100204132
7	1057188	0.166583166224228	0.0616313835452836
7	1057191	-0.738452344747757	0.337016001385464
7	1057251	0.166137660211282	0.0614559503059899
7	1057308	-0.73841081548847	0.336992195938027
7	1057470	1.18664249610416	0.62825135408186
7	1057544	1.18664249610416	0.62825135408186
7	1057560	0.164287753018281	0.0607281049008313
7	1057564	1.18812360136947	0.629330175949404
7	1057625	1.18812360136947	0.629330175949404
7	1057630	0.164284135884523	0.0607266827175815
7	1057633	1.1887829375426	0.629810681406937
7	1057650	0.164328444496638	0.0607441042231913
7	1057665	-0.738530276566935	0.337060675099615
7	1057666	-0.738530276566935	0.337060675099615
7	1057680	-0.738530276566935	0.337060675099615
7	1057703	-0.738530276566935	0.337060675099615
7	1057704	-0.738530276566935	0.337060675099615
7	1057712	-0.738530276566935	0.337060675099615
7	1057713	-0.738530276566935	0.337060675099615
7	1057725	0.164895709671223	0.0609671952313268
7	1057813	1.18766067734191	0.628992902761634
7	1057890	1.18766067734191	0.628992902761634
7	1057946	-0.66251584481197	0.29444357971126
7	1057947	-0.66251584481197	0.29444357971126
7	1057950	0.269919647685475	0.103902738091903
7	1058005	0.269919647685475	0.103902738091903
7	1058033	-0.66252123411441	0.294446533567603
7	1058058	0.266899609924358	0.102622310974806
7	1058065	0.266899609924358	0.102622310974806
7	1058935	0.214757468941111	0.0809447144262438
7	1065843	-0.156021801490188	0.0574880426128303
7	1073164	-0.156021801490188	0.0574880426128303
7	1075327	0.812662386465915	0.380477126414025
7	1076039	-0.161254701172495	0.0595369089349327
7	1079596	0.524353281249309	0.22182497665018
7	1146918	0.0915625577967048	0.0328989025645568
7	1147058	0.0915625577967048	0.0328989025645568
7	1148344	0.522440353351762	0.220862743171168
7	1150749	-1.39720836075074	0.789545237284955
7	1150888	-0.255315634441996	0.0977363242996482
7	1150990	-1.3931286832869	0.786267457739184
7	1160318	0.248410224922246	0.094842800613558
7	1168329	0.224274151838949	0.0848408676727812
7	1169115	-0.469877449113083	0.194878158332691
7	1173363	0.17137575514581	0.0635222907111859
7	1189417	0.17137575514581	0.0635222907111859
7	1193605	0.17137575514581	0.0635222907111859
7	1194057	0.17137575514581	0.0635222907111859
7	1196878	0.17137575514581	0.0635222907111859
7	1200973	0.17137575514581	0.0635222907111859
7	1208946	0.17137575514581	0.0635222907111859
7	1209973	0.17137575514581	0.0635222907111859
7	1210097	0.17137575514581	0.0635222907111859
7	1210423	0.17137575514581	0.0635222907111859
7	1210531	0.17137575514581	0.0635222907111859
7	1210574	0.17137575514581	0.0635222907111859
7	1210624	0.17137575514581	0.0635222907111859
7	1210642	0.17137575514581	0.0635222907111859
7	1211098	0.17137575514581	0.0635222907111859
7	1211197	0.17137575514581	0.0635222907111859
7	1219760	-0.862895585136089	0.410950198882953
7	1222178	-0.862895585136089	0.410950198882953
7	1222320	-0.862895585136089	0.410950198882953
7	1228951	-0.218438940014563	0.08244873793683
7	1230049	-0.218438940014563	0.08244873793683
7	1234761	-0.218438940014563	0.08244873793683
7	1235306	0.868119175745893	0.414168198078264
7	1244570	0.15574047062657	0.0573781171294123
7	1249945	0.24271555410519	0.0924673131827627
7	1255902	-1.24613966182426	0.672205709797225
7	1260268	-0.927433246726252	0.451362932088824
7	1260493	-1.01921720475847	0.511308498338581
7	1260643	-0.96336545745923	0.474483358660561
7	1262644	-1.24119658428671	0.668505618059166
7	1264275	-0.929690175310074	0.452802043059867
7	1264881	-0.929690175310074	0.452802043059867
7	1267786	-0.929690175310074	0.452802043059867
7	1268667	-0.929690175310074	0.452802043059867
7	1277813	-0.929690175310074	0.452802043059867
7	1287197	-0.929690175310073	0.452802043059867
7	1287994	-1.2400935205237	0.667681128338645
7	1296479	-0.916168899718751	0.444206507403256
7	1299854	-1.23802231684261	0.666134178642141
7	1300306	-1.23802231684261	0.666134178642141
7	1312184	-0.916523914811423	0.444431388838908
7	1313116	-1.2406543889215	0.668100297216517
7	1316362	-1.48364873770759	0.860429018194741
8	26150	-0.232944540447255	0.0884139186730583
8	28612	0.332699830710121	0.131143533477493
8	35881	0.2735259168488	0.105435301304191
8	81887	0.2735259168488	0.105435301304191
8	178552	0.31325065244478	0.122576681100016
8	182668	0.51401316252512	0.216637634367875
8	203744	0.831679273357299	0.391912758227919
8	246363	-1.65564469235661	1.00968870548127
8	370306	-0.247602626824519	0.0945053287367745
8	445672	0.063079778405731	0.02241220075458
8	462119	-0.141143599458121	0.0517061386963646
8	475172	-0.236263329615295	0.0897874950270428
8	476021	-0.236263329615295	0.0897874950270428
8	477170	-0.236263329615295	0.0897874950270428
8	479042	-0.236263329615295	0.0897874950270428
8	481474	-0.236263329615295	0.0897874950270428
8	483479	0.297420655466713	0.115688815216393
8	483699	0.297420655466713	0.115688815216393
8	493095	-0.669190906655285	0.298109473671627
8	495313	-0.669190906655285	0.298109473671627
8	509259	-0.207395679918503	0.0779491528932513
8	520584	-0.0640308576841062	0.0227586577826487
8	520880	-0.0640308576841064	0.0227586577826488
8	526923	-0.0640308576841064	0.0227586577826488
8	527228	-0.0640308576841064	0.0227586577826488
8	534633	-0.0640308576841064	0.0227586577826488
8	542194	-0.0640308576841062	0.0227586577826487
8	546395	-0.0640308576841072	0.0227586577826491
8	547410	-0.0640308576841072	0.0227586577826491
8	554879	-0.0640308576841069	0.022758657782649
8	556808	-0.0470151397817647	0.0165987379270288
8	566065	0.119234051972868	0.0433082672648571
8	575867	0.655925149196119	0.290838383715811
8	581205	0.597977715437185	0.259751977401546
8	587594	1.79800481358501	1.14160571623203
8	606856	0.610540022331032	0.266398218804191
8	609986	-0.0549710851202341	0.0194687473719272
8	615371	-0.0574225727734338	0.0203566816959504
8	620887	-0.00569256259598219	0.00197705154776628
8	621512	-0.00569256259598219	0.00197705154776628
8	622369	-0.00569256259598191	0.00197705154776618
8	622463	0.442742985575682	0.181806021817644
8	623688	1.14417860630682	0.597653360531493
8	625101	1.14417860630682	0.597653360531493
8	625950	-0.206753738522192	0.0776887010657632
8	626077	0.445011807245053	0.182890170240064
8	626100	-0.207570586492498	0.0780201379811256
8	626480	1.16699242368274	0.614012448902181
8	626535	0.443253217596791	0.182049693671796
8	628826	0.232272939472587	0.0881363556144241
8	629218	0.800108566373287	0.372994943691191
8	633354	0.569191826284278	0.244715296438134
8	635130	-0.0494487618487188	0.017474747627855
8	637861	-0.0494487618487188	0.017474747627855
8	641817	0.573862234426328	0.247136742171046
8	643053	-0.0537562646262783	0.0190293638818849
8	643370	-0.053756264626278	0.0190293638818848
8	644876	-0.0537562646262783	0.0190293638818849
8	645315	0.577904969268196	0.24923844580038
8	645539	-0.0571608395530468	0.0202618005962524
8	645723	-0.0571608395530471	0.0202618005962525
8	645821	0.562480622937594	0.241248082950644
8	645946	0.562480622937594	0.241248082950644
8	663609	-0.020465558111336	0.00714969628408308
8	672421	-0.506290853899354	0.212785802223907
8	674383	-0.506290853899354	0.212785802223907
8	681613	-0.506290853899354	0.212785802223907
8	695441	1.72023818617422	1.06859728716012
8	698252	0.739202876326386	0.337446320991787
8	701727	1.85330602742808	1.19491727334024
8	703707	2.15272392512058	1.50389571382932
8	706200	-0.499074577525162	0.209203523771081
8	724420	-3.51008677377732	3.34876029795088
8	724426	-0.755782155866445	0.347000036519331
8	733536	-0.531669993460615	0.225516189407959
8	740270	-0.531669993460617	0.22551618940796
8	756899	-0.776650155545535	0.359155773767552
8	759577	-1.21157506629573	0.646516387653527
8	766409	-1.21157506629573	0.646516387653527
8	780115	-1.21157506629573	0.646516387653527
8	783560	-1.21157506629573	0.646516387653527
8	783617	-1.21157506629573	0.646516387653527
8	786426	-1.21157506629573	0.646516387653527
8	789174	-1.21157506629573	0.646516387653527
8	805928	-1.32280123807548	0.730717140071217
8	808851	-1.32280123807548	0.730717140071217
8	811629	-1.1475309644114	0.600045646640534
8	812954	-0.511283734141887	0.215274045294589
8	814167	-0.917075122421134	0.444780632620295
8	818732	-0.906404264684105	0.438038138893778
8	828248	-0.855338797467922	0.406311272854867
8	828453	-0.666240887746313	0.296487538723343
8	830758	-0.788384333556202	0.366055160771952
8	831625	-0.788384333556202	0.366055160771952
8	836332	-0.788384333556202	0.366055160771952
8	852203	-0.788384333556201	0.366055160771952
8	853182	-0.552058886773321	0.235892636075184
8	854358	-0.552058886773321	0.235892636075184
8	865009	-0.832952067256097	0.392682511264911
8	874728	-0.585713675144118	0.253312924067518
8	877940	-0.585713675144118	0.253312924067518
8	878600	-1.05785203586365	0.537417982445517
8	883570	-0.785511880850174	0.364361958067123
8	884132	-1.90350564019999	1.24431872713064
8	884617	0.238078139004138	0.0905399915540877
8	891449	0.257492591408352	0.0986514737629566
8	892813	-0.627904967178807	0.275669890526633
8	894661	0.946187943340278	0.463374986045597
8	897276	0.946187943340278	0.463374986045597
8	897725	0.946187943340278	0.463374986045597
8	904709	-0.631677424538615	0.27769712064052
8	907220	0.967124261465766	0.47692770885079
8	908358	0.967124261465766	0.47692770885079
8	908971	0.967124261465766	0.47692770885079
8	912569	-0.629648978581347	0.27660650385753
8	919875	0.786379546191453	0.364873121720985
8	930103	0.655507568833477	0.290610442236716
8	944277	0.655507568833479	0.290610442236717
8	944352	0.307692948564839	0.120149788688796
8	945822	0.307692948564839	0.120149788688796
8	951945	0.307692948564839	0.120149788688796
8	952184	-0.539817952404442	0.229646914699475
8	952484	0.707817852122989	0.319611559649131
8	964783	0.944589725212312	0.462346629780617
8	966913	0.355281651467268	0.141235128189619
8	970433	0.962604041183437	0.473988805086453
8	975871	-0.614666344650635	0.268592491647954
8	979720	0.363794184405003	0.145079877581785
8	979860	-0.153552388931073	0.0565239446135212
8	1001137	0.39487748786829	0.159308564451679
8	1005724	0.39487748786829	0.159308564451679
8	1018603	0.39487748786829	0.159308564451679
8	1019097	0.39487748786829	0.159308564451679
8	1025503	0	0
8	1026391	-1	0.498515545827989
8	1031304	1	0.498515545827989
8	1034063	0.461017032844109	0.190584141504305
8	1040035	-0.810290734059746	0.379059527701202
8	1040541	1.44112143453939	0.8252124820306
8	1041700	1.44112143453939	0.8252124820306
8	1042258	-0.223902920015589	0.0846883816641747
8	1045891	1.43937803440149	0.823782974893677
8	1049169	-0.214303509894231	0.0807595321895148
8	1050998	-0.214303509894231	0.0807595321895146
8	1053000	-0.214303509894231	0.0807595321895146
8	1053075	-0.214303509894231	0.0807595321895146
8	1053158	1.44151630380944	0.825536411495152
8	1057093	-0.222201559741659	0.0839900588841123
8	1058585	1.43104721303306	0.816967490067527
8	1063663	1.43104721303306	0.816967490067527
8	1070238	-0.220323635809431	0.0832202613692579
8	1070455	1.43885743259288	0.823356321947348
8	1077854	-0.124056180289936	0.0451447025921856
8	1083743	-0.706668954869788	0.318964896430315
8	1090645	-0.474714125438766	0.197232602167683
8	1095126	-0.474714125438766	0.197232602167683
8	1096950	-0.474714125438764	0.197232602167682
8	1099591	-0.506741911455617	0.213010264475839
8	1150042	-0.0217448306037715	0.00760047743535224
8	1150077	-0.0217448306037715	0.00760047743535224
8	1154740	-0.0217448306037708	0.00760047743535194
8	1232237	-0.343212854053394	0.13582228171037
8	1238422	-0.254288335260441	0.0973049603541245
8	1252306	-0.324391519538315	0.127469847387297
8	1252793	1.29091587145479	0.706123113800395
