CHR	POSITION	XPEHH_high_low	LOGPVALUE
1	31104	2.19515214762171	1.55048017043827
1	31410	2.19947279214616	1.5552633573481
1	40663	2.19947279214616	1.5552633573481
1	52322	2.19983548639557	1.55566521024157
1	73671	2.19821733490621	1.55387274903568
1	74017	2.19632773393607	1.55178088809097
1	82174	2.19642922033312	1.55189320210115
1	83228	2.19526463479108	1.55060460764393
1	83264	2.19526449131909	1.5506044489271
1	84317	2.1953875841483	1.55074062412015
1	85211	2.20771346656791	1.56440638898656
1	85278	2.20771346656791	1.56440638898656
1	87126	2.32590253419211	1.69845456777642
1	107180	2.40275781135041	1.78856012939277
1	109428	2.40275781135041	1.78856012939277
1	132074	2.43232335428684	1.82384194145214
1	136286	2.35461445351586	1.73184500129214
1	303924	1.70632091228247	1.05577232079054
1	698027	1.15812860311506	0.607634504750471
1	715530	1.11530805472137	0.577215813466554
1	732150	0.823301799024383	0.386859965753113
1	755389	0.402622113665442	0.162900266980264
1	758101	0.250538149495739	0.0957329310319731
1	773113	0.323811930053781	0.127214355334892
1	807015	0.863212350057769	0.411145077562394
1	814587	0.856540816566403	0.407047863205752
1	844126	0.480826578687271	0.200218652783367
1	855001	0.209191325105381	0.0786783372561927
2	23546	-1.73780026353393	1.08488513944637
2	23946	-1.74835949119979	1.0947342405938
2	40644	-1.29045436587644	0.705769841863343
2	41909	-1.30262284012188	0.715110270727321
2	55683	-1.30751775107239	0.718882669164597
2	60284	-1.33880630329362	0.743201130172455
2	65095	-1.06296053659411	0.540909439643451
2	65932	-1.10644583659842	0.571001373461195
2	98233	-1.19431971962608	0.633851852739517
2	98242	-1.19431971962608	0.633851852739517
2	98245	-1.19431971962608	0.633851852739517
2	111770	-1.35169431689887	0.753321426535633
2	113740	-1.45055595400946	0.832967715830198
2	115723	-1.56062357227207	0.925869197558236
2	129854	-1.5404176835343	0.90847874474344
2	136116	-1.5084300367812	0.881257580233164
2	146433	-1.54757967701452	0.914625470277277
2	151591	-1.82524375787015	1.16771945078949
2	159333	-2.28006627725328	1.6458193524226
2	160241	-2.26808646568901	1.63219813808959
2	161404	-2.2841648327571	1.65049235734946
2	163139	-2.35533186551181	1.73268345798531
2	163180	-2.35109433310618	1.72773388132228
2	165521	-2.3506423173024	1.7272063283439
2	166835	-2.35027026476548	1.72677216164361
2	166888	-2.35029865420339	1.72680528878178
2	167214	-2.35609517650116	1.73357577993788
2	168270	-2.35609517650116	1.73357577993788
2	168439	-2.49790188079547	1.90333059140095
2	168473	-2.47877670430919	1.87997319613644
2	172043	-2.561465397368	1.98200049629811
2	172561	-2.59583642699068	2.025207579826
2	173072	-1.76894673131292	1.11405804757368
2	181477	-1.06478723714276	0.54216013958251
2	181650	-1.06478723714276	0.54216013958251
2	181854	-1.06318759200997	0.54106483553395
2	182024	-1.06318759200997	0.54106483553395
2	185029	-1.06705758569652	0.543716227830337
2	186225	-1.06942201220012	0.54533872084434
2	187750	-1.06942201220012	0.545338720844339
2	189352	-0.987968722991437	0.490571694766708
2	189948	-0.996023225720723	0.495884248094401
2	195761	-0.961850919948102	0.473499836564888
2	198179	-1.01743116628146	0.510114102990924
2	198180	-0.990512941001852	0.492247363716415
2	202948	-0.991049088287267	0.492600767012524
2	229557	-0.999336784936765	0.498076336629055
2	230196	-1.01074035979047	0.505649579624454
2	232084	-0.965416582510969	0.475816599212822
2	237046	-0.883275262572301	0.423557787710282
2	237908	-0.882059336584999	0.422801596908656
2	241490	-0.882059336584999	0.422801596908656
2	249335	-0.858319233947419	0.408138568668414
2	267621	-0.91693777095141	0.444693597305546
2	282383	-0.927502419371682	0.45140701339109
2	282713	-0.9271030733756	0.451152546867629
2	283102	-0.9271030733756	0.451152546867629
2	283330	-0.938521545795805	0.458450147131264
2	283543	-0.938521545795805	0.458450147131264
2	283672	-0.938521545795805	0.458450147131264
2	287664	-0.938280925932597	0.458295902630908
2	292951	-0.942854612860703	0.461231187966454
2	296881	-1.21132726038471	0.646333757371226
2	301577	-1.43092873619127	0.816870747238827
2	304525	-1.54361159623644	0.911217545238411
2	305137	-1.46023265155429	0.840956006189897
2	327378	-1.02259941601457	0.513573366988164
2	327578	-1.04166977323962	0.526418433277238
2	336076	-1.06029145490855	0.539084086268801
2	352109	-1.01852607702771	0.510846181633256
2	356342	-1.12394832693963	0.583301344610456
2	359393	-1.15578650185119	0.605953916178709
2	365814	-0.771143421974778	0.355933896093078
2	381947	-0.357126982263545	0.142066695528036
2	386699	-0.349986831835424	0.138854908097207
2	388085	-0.352456320218449	0.139963965533103
2	398419	-0.314512066520473	0.123128810740926
2	411698	-0.320650367202446	0.125822489941857
2	411968	-0.305436610576343	0.119167183814561
2	416247	-0.310513634407213	0.12138033107168
2	423427	-0.257064319184597	0.098471324611903
2	430031	-0.227166466772058	0.0860303053247172
2	463571	-0.225885550737768	0.08550323441234
2	465440	-0.206452990864547	0.0775667219682925
2	545038	-0.169765362648769	0.0628861656514
2	557007	-0.222452890869165	0.0840931636652579
2	561273	-0.279350971563522	0.107919042786307
2	570663	-0.241962625474957	0.0921539585448044
2	577564	-0.21305387603358	0.0802500872182745
2	584178	-0.213974135065199	0.0806252093803558
2	585521	-0.276144541314795	0.10655059236048
2	588254	-0.208022904480155	0.0782037511656869
2	589928	-0.208022904480155	0.0782037511656869
2	611546	-0.167506693642479	0.0619952383977289
2	620053	-0.167506693642479	0.0619952383977289
2	645307	-0.322219752315407	0.126513025126922
2	654388	-0.428963638167721	0.175256249423507
2	657007	-0.389658881271292	0.156898835078496
2	657159	-0.336786390835585	0.132958215626705
2	675350	-0.336786390835585	0.132958215626705
2	681722	-0.653205382317446	0.289354792055742
2	681862	-0.653205382317447	0.289354792055742
2	685966	-0.619524482351827	0.271183029309447
2	685967	-0.619524482351827	0.271183029309447
2	686016	-0.619524482351827	0.271183029309447
2	686144	-0.616902812649183	0.269784103909913
2	686164	-0.618676573823265	0.270730339568812
2	686168	-0.504560460338037	0.211925297353791
2	703900	-0.724908279112004	0.329282709499976
2	715999	-0.905792134989792	0.437652543149236
2	746853	-0.396562730924269	0.16008854060855
2	750166	-0.40141673027823	0.16234002659054
2	785378	-0.327113979324621	0.128671319302551
2	801683	-0.460616299004694	0.190390518897152
2	801698	-0.445955712679613	0.183341687785049
2	822759	-0.208731983509661	0.0784917149988365
2	867406	-0.0234913192042115	0.00821662892395232
2	867690	-0.0151293470351994	0.00527427119042779
2	868610	-0.0761035473574234	0.0271787010965963
2	882846	-0.34903312204842	0.138427093620084
2	915396	-0.501170787021779	0.210242411000098
2	919021	-0.67385324051994	0.300678687111332
2	927445	-0.845067794586028	0.4000372909352
2	928068	-0.986842751236887	0.489830826469032
3	7056	6.54136917167359e-05	2.26675387100133e-05
3	10626	6.54136917167359e-05	2.26675387100133e-05
3	15813	0.029394262670255	0.0103054495788675
3	15997	0.0260438749355119	0.00911868567627374
3	16876	0.0256785512394441	0.00898947123277499
3	22643	0.0305050850302713	0.0106996133486193
3	23276	0.0305050850302713	0.0106996133486193
3	23846	0.00442429168954503	0.00153579900199908
3	26099	0.200864168062708	0.075304824693697
3	26125	0.200864168062708	0.075304824693697
3	27895	0.202269458489732	0.0758727047879331
3	34627	0.225817566578846	0.0854752739139664
3	36296	0.222019476331951	0.083915373619739
3	46834	0.150482903427913	0.0553280373275755
3	50708	0.31900060814297	0.125097397943394
3	58804	0.245077344024275	0.0934513416660762
3	76579	0.222385492801039	0.0840655127939689
3	78940	0.176921018747353	0.0657185338139731
3	89160	0.280117510539619	0.108246646938628
3	94523	0.260712602867244	0.100007702773764
3	94806	0.261182639120988	0.100205935881825
3	95613	0.244797320105098	0.0933345841447424
3	96554	0.23846866581748	0.0907020485863273
3	102291	0.230680672640923	0.0874788300364023
3	103469	0.232308055247574	0.0881508651402474
3	103639	0.228877385376483	0.0867350729722511
3	103794	0.230738074457946	0.0875025209949108
3	103948	0.229451067931214	0.0869715808303389
3	104045	0.23359523136995	0.0886829677570413
3	109686	0.235778456731221	0.0895866121398553
3	114518	0.227448641090817	0.0861464797484784
3	115087	0.227168406563488	0.0860311038785907
3	115535	0.173985252034115	0.0645546821714885
3	118260	0.209610651172566	0.0788487563039979
3	127366	0.229494219753915	0.0869893746638253
3	134908	0.416062875070835	0.169177891741089
3	135390	0.402713203864344	0.162942622395516
3	135391	0.402713203864344	0.162942622395516
3	138894	0.345303001980642	0.136756515902096
3	145262	0.442033178671048	0.181467174626081
3	148866	0.403305982685401	0.163218317569267
3	150336	0.406699931779592	0.164798909644563
3	152405	0.404584883393662	0.163813492618201
3	152407	0.472704209730469	0.196253299141082
3	163073	0.440966984640673	0.180958492395459
3	163924	0.432807392893153	0.177077334492926
3	163990	0.344286920316294	0.136302190451584
3	173820	0.0933454883911827	0.033563002661899
3	192170	-0.00658827958402505	0.00228895485207756
3	199815	-0.0178618114490514	0.0062336133259494
3	200362	-0.0178618114490514	0.0062336133259494
3	201734	0.00459277394683241	0.00159439112381499
3	209502	-0.000821931946713203	0.000284906678919042
3	218094	-0.0051930858797872	0.00180322211333796
3	222215	0.196791461196294	0.0736623216675132
3	222391	0.166504939800276	0.0616005750254738
3	223545	0.089055742503277	0.031966704238843
3	224434	0.0835338789439969	0.0299196223925698
3	224719	0.0936215565579247	0.0336659126369484
3	224736	0.135646536967095	0.0495861129181862
3	225022	0.134510821413945	0.049149195421926
3	226443	0.134510821413945	0.049149195421926
3	231270	0.154402370357733	0.0568555909482129
3	231271	0.154402370357733	0.0568555909482129
3	231272	0.154402370357733	0.0568555909482129
3	231273	0.154402370357733	0.0568555909482129
3	231442	0.142442163665224	0.0522082258800853
3	231797	-0.0326417786473855	0.0114587661645279
3	232480	-0.0347448742206913	0.0122072281222039
3	233353	-0.0310293244605011	0.0108857539766953
3	233818	-0.0402495169852367	0.0141721122621719
3	233863	-0.0402495169852367	0.0141721122621719
3	235069	-0.0681853086401202	0.0242750282819519
3	235613	-0.0308416368590698	0.010819103298353
3	236451	-0.0308416368590695	0.0108191032983529
3	237328	-0.02974745728382	0.0104307396494862
3	237383	-0.0297474572838198	0.0104307396494861
3	237384	-0.0297474572838198	0.0104307396494861
3	237385	-0.0307424079946206	0.0107838696194202
3	237388	-0.0307355319881887	0.0107814282240483
3	237391	-0.030735531988189	0.0107814282240484
3	237394	-0.0303977953983177	0.0106615277014314
3	237796	-0.146924926137692	0.0539452288771449
3	240082	-1.02745692589939	0.516833140761624
3	240163	-1.22875370838704	0.659230459797879
3	240181	-0.886870683459372	0.425796754507007
3	240262	-0.886808307232064	0.425757873464885
3	240265	-0.892638013159548	0.429397459134483
3	240277	-0.91155473950354	0.441287641482588
3	240478	-0.886105852716482	0.425320103550783
3	248344	-0.555222437806502	0.23751460648328
3	248695	-0.303142911097943	0.118169890080806
3	250427	-0.273069395473628	0.105241076543673
3	251071	-0.299520761592978	0.116598235166296
3	252364	0.312719226224215	0.122344216868029
3	252367	0.312719226224215	0.122344216868029
3	278239	0.445619569625072	0.18318086156745
3	339523	0.585163255337912	0.25302507636942
3	343070	0.53447079128964	0.226933696840282
3	348766	0.711145282164629	0.321486890810774
3	355620	0.708651417887012	0.320081010626296
3	360495	0.866132285908259	0.41294307675375
3	668648	0.884963785327588	0.424608726751568
3	908697	0.414201618962612	0.168305221998669
3	908702	0.414201618962612	0.168305221998669
3	908955	0.417072146225482	0.169651550622812
3	909215	0.341893913413646	0.135233442455883
3	909439	0.147394765940036	0.054127621828615
3	910180	0.152398740932477	0.056074149101888
3	910744	0.152285776230495	0.05603012609708
3	910794	0.153209911061783	0.0563903756719847
3	910978	0.153209911061783	0.0563903756719847
3	912899	0.0753560192643541	0.0269038181520671
3	914553	0.101821320313695	0.0367324562585167
3	933539	-0.734058779737187	0.334500702949168
3	934851	-0.734953074873951	0.335012162075581
3	937326	-0.948825005827731	0.46507370249097
3	939294	-0.920466753918333	0.446931859035425
3	940541	-0.890398666201938	0.427998021362843
3	941957	-1.26996564194371	0.690163657595144
3	951923	-1.52707293044257	0.89707643792996
3	976435	-1.85621646167248	1.19775520054246
3	980581	-1.75672839619355	1.10257022768477
3	986577	-1.75944501162006	1.10511954227333
3	990685	-1.75578922966391	1.10168954775224
3	990686	-1.75980472888904	1.10545731571006
3	990687	-1.72592309434783	1.07385699730279
3	991106	-1.59856730679414	0.958936007035042
3	993766	-1.96866096327709	1.30987450423953
3	995454	-1.91068719659146	1.25146474492422
3	998674	-1.91063892268512	1.25141664409582
3	1004905	-1.91100338261505	1.25177981934342
3	1006498	-2.0336010722728	1.3768351607335
3	1007113	-1.92250658884462	1.26326858000853
3	1014545	-1.94624801063616	1.28714031116492
3	1019826	-1.76475050288488	1.11010634189352
3	1024093	-1.67695222954851	1.02894774251268
3	1032375	-1.59992332411197	0.960127656999568
3	1071755	-2.11944229302592	1.46784327264727
3	1074355	-2.31811944436903	1.68945897369738
3	1074418	-2.43895041256412	1.83179756670404
3	1074422	-2.43895041256412	1.83179756670404
3	1074425	-2.70049337433684	2.15966353898709
3	1074438	-2.70371268756382	2.16386870225164
3	1074439	-2.70371268756382	2.16386870225164
3	1074441	-2.62721586037998	2.06506391793488
3	1085814	-2.67106184369565	2.12141091338131
4	216867	-1.15002598714637	0.601828716335589
4	216868	-1.14992492014536	0.601756445784652
4	216876	-1.14756025371428	0.600066565441959
4	216990	-1.14258505266287	0.596517578344226
4	219771	-1.09892016567319	0.565745930082131
4	221362	-1.08735194843099	0.557706376932725
4	229537	-1.09915987853029	0.565913021989801
4	230324	-1.09590953838406	0.563649096969879
4	230517	-1.10445685419155	0.569610453289703
4	230794	-1.09408964079145	0.562383129578519
4	232370	-1.09408964079145	0.562383129578519
4	237249	-1.06811494516846	0.544441555735792
4	237812	-0.907264855182231	0.438580463601957
4	256412	-1.0657786268689	0.542839411735737
4	261851	-0.823942827125032	0.387245756358513
4	262728	-0.822159366125897	0.386172758807797
4	264493	-0.728904403715062	0.331558037912623
4	293035	-0.849361989705181	0.402656014188921
4	294971	-0.862607306001272	0.410772874798365
4	312195	-0.782633833002264	0.362668238575526
4	320981	-0.621821451791937	0.272410534864505
4	396828	-0.486972495317805	0.203232967009019
4	399365	-0.536944870527473	0.228187937929932
4	408855	-0.20006713418196	0.0749830005185761
4	425449	0.203291140505109	0.0762859333614059
4	551146	0.512725226252981	0.215993901406029
4	568732	0.338913265306719	0.133904696404981
4	582845	0.29238294761879	0.113512746537422
4	587056	0.377754762843929	0.151433560729129
4	625854	0.870712435074929	0.415769232504483
4	655206	1.00194806306992	0.49980652072105
4	675713	0.979658706587366	0.485114219263545
4	791159	0.973983045009231	0.481400581214432
4	806864	0.977160572959018	0.483478291421738
4	890254	0.977160572959018	0.483478291421738
4	900323	0.958814723578512	0.471530557069517
4	911755	0.836782724890251	0.39500250718834
4	912899	0.885893496367888	0.425187796198147
4	923333	0.93454968510179	0.455906619328188
4	928639	0.93711658254805	0.457549805703025
4	930187	0.936458706762258	0.45712845352326
4	935117	0.602390811911343	0.262080939807407
4	943013	0.67096685132245	0.299087277437964
4	943332	0.67096685132245	0.299087277437964
4	962743	0.0171388608851391	0.00597959031708118
4	973644	0.0171388608851391	0.00597959031708118
4	976096	0.0331652569651771	0.0116449490803982
4	977018	0.0331652569651771	0.0116449490803982
4	977963	-0.092282543142219	0.03316697126528
4	978116	-0.0455011252086947	0.0160545907657039
4	978613	-0.0553627180552867	0.0196104840755496
4	994328	-0.271422183661257	0.104540799004702
4	996003	-0.271782478046699	0.104693900958477
4	1002989	-0.376571467397135	0.150892693074
4	1003595	-0.395283563923401	0.159496426922664
4	1004085	-0.334492205446231	0.131938829374623
4	1089461	0.376858422053792	0.151023816302946
5	168062	0.58156439135947	0.251145428662905
5	170080	0.58156439135947	0.251145428662905
5	308830	0.98389382357818	0.487892573003992
5	452244	0.830746799332836	0.391349170232281
5	627816	0.824657944229154	0.387676300085119
5	655171	1.16179426105906	0.610268733280217
5	655669	1.16179426105906	0.610268733280217
5	659024	1.16179426105906	0.610268733280216
5	666859	1.2252831920854	0.656653375931887
5	671266	1.13547288527726	0.591459463627229
5	671272	1.13547288527726	0.591459463627229
5	673433	1.16671691582984	0.613813786957359
5	695336	1.09742312119998	0.564702873319979
5	737858	0.764267472165902	0.351925189301364
5	747783	1.01230793777721	0.506694165969542
5	772978	1.29179022081216	0.706792619146166
5	773357	1.30786980395556	0.719154322663335
5	780443	1.26126373198668	0.683581233690297
5	788196	1.30114604723816	0.713973841510805
5	813249	1.38726302967406	0.781565407634399
5	823050	1.38726302967406	0.781565407634399
5	823735	1.42701888023344	0.813681023915367
5	825172	1.4328545224162	0.818443895496079
5	825243	2.37177313060435	1.75195418677829
5	825723	1.97267173909023	1.31396309712866
5	826951	1.97267173909023	1.31396309712866
5	827712	1.97267173909023	1.31396309712866
5	828710	1.93379433978531	1.27459137101345
5	830697	1.9305515504637	1.27133352213385
5	838123	1.9305515504637	1.27133352213385
5	838144	1.9305515504637	1.27133352213385
5	838340	1.9305515504637	1.27133352213385
5	845569	1.95199820132522	1.29295454572191
5	846555	1.99362963167782	1.33542811288417
5	848024	1.83045891834678	1.17275130932523
5	852215	1.90085677621062	1.2416879465969
5	863560	1.86545655874683	1.20678647949599
5	895743	1.91215346513596	1.2529261809071
5	896768	1.8903887066822	1.23131756381056
5	902822	1.93269174403239	1.27348320303687
5	921624	1.42484658319421	0.811911251327481
5	923631	1.29409849304536	0.708561432621966
5	936793	0.991299083073403	0.492765586055369
5	948785	0.366951740847394	0.146511677480237
5	1009579	0.200493825412367	0.0751552654787115
6	80717	0.609645919068269	0.26592348762615
6	257738	0.694775562143224	0.312296316861302
6	258545	0.801488067892827	0.373814539038198
6	258546	0.801488067892827	0.373814539038198
6	260098	0.921889131836739	0.447835214035626
6	266547	0.921889131836739	0.447835214035626
6	274285	0.895404006261631	0.431128383223036
6	278218	0.915213231535208	0.44360136222173
6	529025	0.77673649449518	0.35920636993075
6	553964	0.840972362805181	0.397545612368899
6	619172	0.840972362805181	0.397545612368899
6	625691	0.618351675572619	0.270556941764377
6	717905	0.329330471446275	0.129651166604444
6	857791	0.721793706783117	0.327513004533838
6	883768	0.0402962477816244	0.0141888291655993
6	890729	0.0615353002594557	0.0218501258247338
6	892303	0.0839898901587522	0.0300883477505478
6	893412	0.083884968712629	0.0300495213021672
6	896036	0.0835590244313295	0.0299289247498017
6	897010	0.0916910432029587	0.032946730092858
6	910145	-0.486448971873417	0.202975734758947
6	926355	-0.70980194479307	0.320729347432273
6	931044	-1.28295762792993	0.700042033074081
6	931126	-1.28571053385411	0.702143006249937
6	932620	-0.92546981431407	0.450112391900825
6	938952	-0.915725303322685	0.443925575693031
6	944725	-1.03429870522871	0.521438493802705
6	945648	-0.854385236646316	0.405727285848441
6	946007	-0.851583079191692	0.404012956382209
6	952870	-0.926059806390601	0.450488027523269
6	953911	-0.924654365517692	0.44959340978736
6	962525	-0.770757442477331	0.355708448735556
6	964653	-0.788092894604532	0.365883242032326
6	969109	-0.440657675256211	0.18081098726401
6	973643	-0.526843950193168	0.223079574816918
6	974726	-0.458954375304099	0.189588066712223
6	998208	-0.486263117530858	0.202884436460498
6	1009390	0.0564312887330682	0.0199974324955679
6	1023215	0.528509586588495	0.223919694240267
6	1024745	0.700594344449407	0.315553035976853
6	1031627	0.951993160592037	0.467117706988592
6	1041532	0.932501263741783	0.454596960968866
6	1042552	0.932501263741783	0.454596960968866
6	1048630	0.9363837852688	0.457080477730486
6	1048868	0.934310815289387	0.455753823464132
6	1056029	0.934310815289388	0.455753823464132
6	1067230	0.880055228989834	0.421556333950878
6	1085318	0.920857423460538	0.447179904758944
6	1109275	0.920857423460538	0.447179904758944
6	1113482	0.841671809148051	0.397970755494483
6	1114115	0.814679778568026	0.381684469454384
6	1115209	0.815941912796371	0.382440514503898
6	1115722	0.81501368099141	0.381884431701552
6	1115787	0.81501368099141	0.381884431701552
6	1116871	0.814767766851375	0.381737158843004
6	1117130	0.81380484535194	0.381160681803803
6	1118145	0.819509651283623	0.384580576653934
6	1120209	0.83163025923247	0.391883126719896
6	1122668	0.827638944436118	0.389472906784933
6	1123475	0.827638944436119	0.389472906784933
6	1124140	0.829422700323748	0.390549389831922
6	1124238	0.827714521038887	0.389518494832034
6	1125122	0.82774331021846	0.389535861065297
6	1125355	0.827186108975556	0.389199795498606
6	1125475	0.827186108975556	0.389199795498606
6	1125925	0.827186108975556	0.389199795498606
6	1125942	0.827168006617164	0.389188879160599
6	1125945	0.826616147707368	0.388856142699043
6	1126161	0.82756791526552	0.389430063526063
6	1127136	0.82756791526552	0.389430063526063
6	1127352	0.826363460183086	0.388703822308684
6	1127373	0.825834143425403	0.388384819483074
6	1127518	0.825791829370001	0.388359322204895
6	1127997	0.825791829370001	0.388359322204894
6	1128006	0.825319082145811	0.388074499020223
6	1128063	0.825319082145811	0.388074499020223
6	1128078	0.825319082145811	0.388074499020223
6	1128144	0.825334592991218	0.388083842874256
6	1128210	0.825562226832426	0.388220980637826
6	1128808	0.843041232349605	0.398803610088472
6	1128864	0.838431680541478	0.396002710803929
6	1128885	0.838431680541478	0.396002710803929
6	1128917	0.838431680541478	0.396002710803929
6	1128930	0.838378108772486	0.395970201394758
6	1128982	0.838643776852236	0.396131428555467
6	1128983	0.838685852099352	0.39615696514231
6	1129201	0.838780432368248	0.396214370615615
6	1129411	0.838959473645545	0.396323047987444
6	1129453	0.838869315563852	0.396268321017004
6	1129471	0.838869315563852	0.396268321017004
6	1129518	0.839384878768846	0.396581310882477
6	1129565	0.839355696458472	0.396563592378886
6	1129581	0.83936896743892	0.396571650029791
6	1129661	0.839494817754726	0.396648064679332
6	1129663	0.839475889669643	0.396636571452811
6	1129801	0.839475889669643	0.396636571452811
6	1129849	0.839448546034707	0.396619968477552
6	1129886	0.839281103086734	0.396518303140496
6	1130104	0.839155636277311	0.396442130438398
6	1130124	0.838738975175043	0.396189207807871
6	1130125	0.838738975175043	0.396189207807871
6	1130369	0.838850182008476	0.396256707088158
6	1130400	0.838850182008476	0.396256707088158
6	1130432	0.838736784907538	0.396187878421974
6	1130736	0.840516928074994	0.397268875585821
6	1131643	0.840536376333069	0.397280691534205
6	1132329	0.839956035618794	0.396928156000081
6	1133281	0.839556055546344	0.396685249400767
6	1133357	0.839643527398257	0.396738366135861
6	1133818	0.840240341259075	0.397100846891544
6	1133976	0.840240341259075	0.397100846891544
6	1133994	0.838870263177363	0.396268896214735
6	1134060	0.838901773810335	0.396288023220361
6	1134109	0.846890657408566	0.401148159885619
6	1134194	0.753613044727353	0.345744879017791
6	1134354	0.756990054983527	0.347699669968965
6	1135026	0.757006461860548	0.347709176438967
6	1135691	0.756886183552637	0.347639486890486
6	1135721	0.756963064088234	0.347684031104687
6	1136050	0.756821408157759	0.347601957871118
6	1136252	0.757235109329037	0.347841668686893
6	1136633	0.757025950876041	0.347720468878114
6	1136672	0.757025950876041	0.347720468878114
6	1136700	0.7572640746717	0.347858454215631
6	1137713	0.756894060159112	0.347644050467682
6	1137820	0.756894060159112	0.347644050467682
6	1139276	0.7540476359127	0.345996229488154
6	1139902	0.753246303185728	0.345532819226732
6	1140237	0.754011018478543	0.345975048967246
6	1140898	0.75407319470101	0.34601101365279
6	1140917	0.75407319470101	0.34601101365279
6	1141165	0.758069367019542	0.348325236609604
6	1141839	0.758069367019542	0.348325236609604
6	1142134	0.758069367019542	0.348325236609604
6	1143557	0.756435405649792	0.347378348102479
6	1143607	0.756491350500308	0.347410753651951
6	1143769	0.756444407617505	0.347383562340335
6	1144525	0.756444407617505	0.347383562340335
6	1144701	0.758442521021001	0.348541606405139
6	1145833	0.746220815285298	0.341479168406707
6	1146096	0.745880428149777	0.341283186324023
6	1146405	0.745880428149777	0.341283186324023
6	1146870	0.745880428149777	0.341283186324023
6	1147144	0.749777836005455	0.343529480897345
6	1148231	0.730454880455006	0.332442284661642
6	1148396	0.730454880455006	0.332442284661642
6	1148870	0.730454880455005	0.332442284661641
6	1149101	0.729503738763694	0.331899747655735
6	1149551	0.730524983442588	0.332482283745203
6	1150475	0.730524983442587	0.332482283745203
6	1150955	0.730608365404128	0.332529861622588
6	1151346	0.730740844768543	0.332605459313685
6	1151462	0.730559070483101	0.33250173358409
6	1151535	0.73114587971955	0.332836623670791
6	1152255	0.730958018423335	0.332729399378652
6	1152300	0.730479144666826	0.332456129053932
6	1152774	0.730006302811818	0.332186375733397
6	1153087	0.729793497315005	0.332064995807854
6	1153341	0.730071004601482	0.33222328330543
6	1153478	0.730069895766676	0.332222650785683
6	1153681	0.729540867791891	0.331920920632527
6	1153687	0.734017744575861	0.334477240793412
6	1153867	0.737694578594642	0.336581724287053
6	1155698	0.737694578594642	0.336581724287053
6	1155863	0.736192823078499	0.335721630983881
6	1157154	0.738166563910819	0.336852197414039
6	1158521	0.738166563910819	0.336852197414039
6	1159922	0.737568959047	0.336509749997842
6	1160705	0.739409002520806	0.337564536950132
6	1161079	0.739409002520806	0.337564536950132
6	1161354	0.739409002520805	0.337564536950132
6	1161355	0.739409002520806	0.337564536950132
6	1161356	0.739409002520806	0.337564536950132
6	1161629	0.739409002520806	0.337564536950132
6	1161642	0.739409002520806	0.337564536950132
6	1161755	0.739409002520806	0.337564536950132
6	1162649	0.739845539868013	0.337814943357763
6	1162676	0.739845539868013	0.337814943357763
6	1162800	0.739857490775816	0.33782179952695
6	1163160	0.739754004843106	0.337762431803254
6	1163610	0.737651062987461	0.336556791227348
6	1163632	0.737651062987461	0.336556791227348
6	1164660	0.737146071712341	0.336267493431982
6	1165082	0.737146071712341	0.336267493431982
6	1165164	0.738045036174759	0.336782548347801
6	1166408	0.738045036174759	0.336782548347801
6	1166482	0.738045036174759	0.336782548347801
6	1166762	0.737406731497897	0.33641680876914
6	1166982	0.739067555057437	0.337368720247738
6	1169013	0.724292951126415	0.328932823560344
6	1169052	0.724292951126415	0.328932823560344
6	1169121	0.722904232216037	0.32814363699509
6	1169196	0.722904232216036	0.32814363699509
6	1173263	0.726605427735891	0.330248389498032
6	1174801	0.726605427735891	0.330248389498032
6	1175808	0.726605427735891	0.330248389498032
6	1177126	0.72309458350609	0.328251772652894
6	1182743	0.725577473642113	0.329663367772062
6	1184912	0.724898334856524	0.329277054026727
6	1197039	0.724898334856524	0.329277054026727
6	1202673	0.734241258286863	0.334605043195902
6	1214010	0.65213541228644	0.288771804677587
6	1217125	0.643997147639579	0.284349844916995
6	1218994	0.646503516564656	0.285709378439486
6	1225912	0.585873070510517	0.253396299818516
6	1227408	0.599097983422791	0.260342587765758
6	1227764	0.44113958358454	0.181040815348567
6	1235753	0.480396503014458	0.200008166226142
6	1242156	0.497703204715677	0.208524622870722
6	1243062	0.46775361434357	0.193846630455329
6	1245532	0.46775361434357	0.193846630455329
6	1253071	0.492745512829461	0.206075287783112
7	32597	3.97353697922654	4.14988603612888
7	33460	3.38520212227714	3.14797246784591
7	35758	3.44505155287765	3.24340155207922
7	35914	4.60664088534371	5.3880369566577
7	36007	5.81489995959802	8.21702487070013
7	36057	7.39137031228886	12.8376648606194
7	36067	2.54195036216222	1.95767723330455
7	36120	2.5369676540941	1.95149105680966
7	36282	2.17928228898183	1.53297374874262
7	36352	2.28163994438333	1.6476128057816
7	36625	3.09637040356935	2.70795342434269
7	36628	3.09635234012206	2.70792696518131
7	36631	3.09263217036339	2.70248051235555
7	36646	3.10960169533415	2.72736998983997
7	36652	3.10969022636351	2.72750014556704
7	36658	3.10067037137909	2.7142557346705
7	36949	2.36185077647522	1.7403115328053
7	37405	1.38280837690955	0.778002843222733
7	37406	1.92147729433694	1.26223851625755
7	49049	0.884873784991566	0.424552685829104
7	60420	0.862840380658693	0.410916239730935
7	60601	0.86586914606458	0.412780924929996
7	61650	0.864669556492817	0.412042013696666
7	66127	0.835519531088941	0.394236917997403
7	68492	0.835519531088941	0.394236917997403
7	82381	0.835519531088941	0.394236917997403
7	84388	0.83804968371772	0.395770921718583
7	85330	0.837151388125629	0.395226046455911
7	87355	0.837151388125629	0.395226046455911
7	102114	0.838080250850479	0.395789467506048
7	115311	0.781091076951462	0.361761478576186
7	116536	0.743497970056201	0.339912539162891
7	121178	0.743497970056201	0.339912539162891
7	129380	0.777698006701981	0.359770002287001
7	155222	0.716937105860514	0.324759907434276
7	165357	0.394578966646341	0.159170492546951
7	169956	0.509579498603674	0.214423833384083
7	171411	0.53399727838511	0.22669387162582
7	171539	0.528391101462767	0.223859903006239
7	172677	0.512059463770236	0.21566134893567
7	172987	0.612308624136368	0.26733803772635
7	183433	0.700148809051849	0.315303277868483
7	185661	0.700148809051849	0.315303277868483
7	200215	0.658319839033046	0.292146660391155
7	210709	0.636917965089243	0.280520978434416
7	300162	0.055180354412908	0.0195444790902271
7	301268	-0.164689092778051	0.0608859271900006
7	305857	-0.198536451201544	0.074365469987716
7	306198	-0.198536451201544	0.0743654699877161
7	308494	-0.277658679068318	0.107196415393848
7	314131	-0.27384677098322	0.105571844586499
7	315204	-0.2750925838852	0.106102308367268
7	315208	-0.2750925838852	0.106102308367268
7	318927	-0.276075515563447	0.106521167338516
7	325529	-0.287676281774911	0.111486600063306
7	326071	-0.290026187967522	0.112497362287142
7	326936	-0.288225593820688	0.111722725744219
7	328180	-0.653817347867399	0.28968839840929
7	330324	-0.518293220873651	0.218780680131878
7	334563	-0.663535034813313	0.295002363679648
7	335845	-0.662408751160912	0.294384884064125
7	337183	-0.876766522394878	0.419515850351601
7	347124	-0.686243075792407	0.307541001827842
7	347491	-0.686243075792407	0.307541001827842
7	348801	-0.686339157820553	0.307594416291335
7	349230	-0.686339157820553	0.307594416291335
7	349377	-0.682650695513153	0.305546091936398
7	349623	-0.682650695513153	0.305546091936398
7	350671	-0.688175063915719	0.308615629056173
7	351428	-0.689965961163556	0.309612878295653
7	361046	-0.797468636608683	0.371428284941087
7	378869	-1.02597420875826	0.51583724671835
7	379031	-0.936717635000004	0.457294272470279
7	411487	-1.20314212581431	0.640313746866519
7	422683	-1.24167279981933	0.668861702434199
7	448015	-0.863314050738013	0.41120765264048
7	469460	-1.17113391806025	0.617002034026271
7	473567	-1.13995648413935	0.59464607267894
7	476602	-1.14240188630018	0.596387086906897
7	482247	-0.404963685147151	0.163989877007949
7	492153	-0.448754912091043	0.184682330204803
7	493226	-0.4504701685443	0.185505047049331
7	493335	-0.440915554914006	0.180933964230848
7	500630	-0.413541152975894	0.167995814891911
7	509033	-0.421497664699625	0.171732230492537
7	520137	-0.443155421673346	0.182002982881504
7	526169	-0.273574249634155	0.10545586791498
7	537185	-0.104454430221081	0.0377212600282754
7	554067	-0.119571473913869	0.0434365517765848
7	559344	-0.187682163708459	0.0700062379237187
7	606760	-0.28087957808217	0.108572515435296
7	608350	-0.224534070576579	0.0849476553875886
7	610009	-0.260638286872742	0.0999763668010883
7	666943	-0.099131631865127	0.0357244520093428
7	713340	-0.0296876084696658	0.0104095068002536
7	722064	-0.110415723164234	0.0399672177583081
7	735689	-0.0733243672245273	0.0261575340444913
7	767446	0.0177266049410423	0.00618609478836137
7	768936	0.0177266049410423	0.00618609478836137
7	808308	-0.0203619589372283	0.00711321067259993
7	821339	-0.149880664179504	0.0550937187985483
7	828199	-0.149854922906671	0.0550837057597596
7	829727	-0.161929682594361	0.059801768315782
7	837666	-0.161929682594361	0.059801768315782
7	860410	-0.134836083500675	0.049274287892164
7	866854	-0.263649007832019	0.101247187100362
7	875319	-0.621069488367083	0.27200849462888
7	932569	-0.791657783434913	0.367988118954936
7	949719	-0.810868445784933	0.379404666174135
7	949794	-0.810868445784933	0.379404666174135
7	949932	-0.835399789708598	0.39416437390392
7	950253	-0.789755388973776	0.366864324472221
7	950256	-0.917459585187304	0.445024289062722
7	950259	-0.913539830316074	0.442542491754771
7	950283	-1.03986695681183	0.525198683712812
7	950376	-1.03242280956209	0.520174159488607
7	950379	-1.02571711719689	0.51566464456336
7	950517	-0.932334300913627	0.454490276957343
7	950637	-0.935106497321904	0.456262867065099
7	963897	-1.23872741861618	0.666660635234599
7	970131	-0.803554750387699	0.375043605566788
7	1025871	-0.879764484691357	0.421375792359974
7	1050552	-0.500008673681963	0.209666291975823
7	1051098	-0.500008673681963	0.209666291975823
7	1052491	-0.545526970024895	0.232553857498988
7	1055357	-0.545526970024895	0.232553857498988
7	1055442	-0.510507748535785	0.214886805597438
7	1055627	-0.510523701550651	0.214894764691635
7	1055661	-0.510519346983183	0.214892592153012
7	1055689	-0.510519346983183	0.214892592153012
7	1055982	-0.510519346983183	0.214892592153012
7	1055999	-0.511416013164287	0.215340075558394
7	1056119	-0.531185399770988	0.225271187152458
7	1056211	-0.527990071033108	0.223657564033548
7	1056216	-0.527990071033108	0.223657564033548
7	1056221	-0.552996906274907	0.236373228468933
7	1056333	-0.538062070885258	0.228754948075365
7	1056345	-0.538409479561511	0.228931349102741
7	1056356	-0.538333047406838	0.228892536418748
7	1056357	-0.538333047406838	0.228892536418748
7	1056368	-0.538333047406838	0.228892536418748
7	1056429	-0.538592436725868	0.229024263396192
7	1056493	-0.538592436725869	0.229024263396192
7	1056601	-0.538567806646099	0.229011754453142
7	1056715	-0.562623560962811	0.241321777880496
7	1056717	-0.562623560962811	0.241321777880495
7	1056750	-0.562623560962811	0.241321777880496
7	1056753	-0.562623560962811	0.241321777880495
7	1056767	-0.640245663998009	0.282318764772519
7	1056770	-0.552068721990904	0.235897673662308
7	1056792	-0.534287725153795	0.226840968840021
7	1056799	-0.534287725153795	0.226840968840021
7	1056802	-0.534287725153795	0.226840968840021
7	1056803	-0.534438622683796	0.226917401785481
7	1056814	-0.534438622683796	0.226917401785481
7	1056831	-0.534398358637197	0.226897006439984
7	1056838	-0.534398358637197	0.226897006439984
7	1056841	-0.534398358637196	0.226897006439984
7	1056858	-0.534398358637197	0.226897006439984
7	1056868	-0.534384734039698	0.226890105155457
7	1056889	-0.534384734039698	0.226890105155457
7	1056899	-0.534384734039698	0.226890105155457
7	1056923	-0.534384734039698	0.226890105155457
7	1056925	-0.534384734039698	0.226890105155457
7	1056959	-0.534384734039698	0.226890105155457
7	1056966	-0.534384734039698	0.226890105155457
7	1056974	-0.534384734039698	0.226890105155457
7	1056979	-0.534384734039698	0.226890105155457
7	1056991	-0.534384734039698	0.226890105155457
7	1057000	-0.534379024239179	0.226887212980679
7	1057023	-0.534410520571	0.226903166889822
7	1057043	-0.534410520571	0.226903166889822
7	1057063	-0.534189456766602	0.22679119764131
7	1057064	-0.534189456766602	0.22679119764131
7	1057066	-0.534189456766602	0.22679119764131
7	1057067	-0.534189456766602	0.22679119764131
7	1057074	-0.534189456766602	0.22679119764131
7	1057084	-0.534234330312426	0.226813924914518
7	1057086	-0.534214335435419	0.226803797954487
7	1057119	-0.534216586750783	0.226804938189202
7	1057121	-0.534216586750783	0.226804938189202
7	1057158	-0.534216586750783	0.226804938189202
7	1057170	-0.534216586750783	0.226804938189202
7	1057179	-0.534216586750783	0.226804938189202
7	1057185	-0.534216586750783	0.226804938189202
7	1057187	-0.534233872410849	0.226813692996133
7	1057188	-0.534235246116089	0.226814388751748
7	1057191	-0.534197240835986	0.226795140021947
7	1057251	-0.534222310452432	0.226807837107704
7	1057308	-0.53408956557354	0.226740607688078
7	1057470	-0.534500781565364	0.226948888757105
7	1057544	-0.534500781565363	0.226948888757105
7	1057560	-0.53454746035163	0.226972535002418
7	1057564	-0.534538910711499	0.226968203927436
7	1057625	-0.534538910711499	0.226968203927436
7	1057630	-0.534554330641146	0.226976015369258
7	1057633	-0.534555857377351	0.226976788788798
7	1057650	-0.534470172233652	0.226933383253431
7	1057665	-0.534399300427337	0.226897483488326
7	1057666	-0.534399300427337	0.226897483488326
7	1057680	-0.534399300427337	0.226897483488326
7	1057703	-0.534399300427337	0.226897483488326
7	1057704	-0.534399300427337	0.226897483488326
7	1057712	-0.534399300427337	0.226897483488326
7	1057713	-0.534399300427337	0.226897483488326
7	1057725	-0.534447158486193	0.226921725576506
7	1057813	-0.534527002383016	0.226962171447775
7	1057890	-0.536772009427351	0.228100241843823
7	1057946	-0.340348435404227	0.134544143112328
7	1057947	-0.340348435404227	0.134544143112328
7	1057950	-0.340376130770752	0.134556489106328
7	1058005	-0.340376130770752	0.134556489106328
7	1058033	-0.340362299281936	0.134550323299138
7	1058058	-0.340301149689346	0.134523064707901
7	1058065	-0.340301149689346	0.134523064707901
7	1058935	-0.387879892265511	0.156079301782025
7	1065843	-0.36669218192547	0.14639386423253
7	1073164	-0.366785702054164	0.146436310431456
7	1075327	-0.378282721323724	0.151675022555362
7	1076039	-0.376520962832248	0.150869617766622
7	1079596	-0.362401971374299	0.144449550489879
7	1146918	-0.316972560553644	0.124207177190607
7	1147058	-0.316972560553644	0.124207177190607
7	1148344	-0.278529067459956	0.107567973113121
7	1150749	-0.27379257791071	0.10554877991019
7	1150888	-0.275198718416483	0.106147521732603
7	1150990	-0.260709826660943	0.100006532132969
7	1160318	-0.269027607289054	0.103524248458324
7	1168329	0.440460003432642	0.18071673616135
7	1169115	0.439513103211582	0.180265418323401
7	1173363	0.452382215637079	0.186423243239882
7	1189417	0.475118793340688	0.197429925196917
7	1193605	0.478855915413766	0.199254655809074
7	1194057	0.478855915413766	0.199254655809074
7	1196878	0.478855915413766	0.199254655809074
7	1200973	0.477266998558157	0.198478293402778
7	1208946	0.47763315906411	0.198657132720443
7	1209973	0.478728336921074	0.199192290071092
7	1210097	0.478728336921074	0.199192290071092
7	1210423	0.481746778295456	0.200669211100427
7	1210531	0.480052182867804	0.199839692093129
7	1210574	0.480052182867804	0.199839692093129
7	1210624	0.480052182867804	0.199839692093129
7	1210642	0.485109233928235	0.20231785236847
7	1211098	0.484881327572655	0.202205994828164
7	1211197	0.47481581009256	0.197282180487491
7	1219760	0.544997005406908	0.232283567630851
7	1222178	0.544997005406908	0.232283567630851
7	1222320	0.546365547397476	0.232981728600187
7	1225903	0.552659394494593	0.236200272426217
7	1226429	0.556909741519013	0.238381012276802
7	1228951	0.536096883468255	0.227757827860542
7	1230049	0.536096883468255	0.227757827860542
7	1234761	0.537881868800024	0.228663463479778
7	1235059	0.533063137389511	0.226220957538669
7	1235306	0.533124666891561	0.226252098600751
7	1240882	0.544942343270389	0.232255694251567
7	1244570	0.547243502776744	0.233429933539919
7	1249220	0.555840398785338	0.237831814161604
7	1249945	0.54481899069702	0.232192797688421
7	1255902	-0.0480024193233266	0.016953919715678
7	1260268	-0.0571233637927073	0.0202482168111947
7	1260493	-0.0478016707550578	0.0168816766181073
7	1260643	-0.0458106317135649	0.0161657771737431
7	1262644	0.00694671667568014	0.00241383078951389
7	1264275	0.0149501959263841	0.00521144545037239
7	1264881	0.00904584909899501	0.0031458627465734
7	1267786	0.00904584909899501	0.0031458627465734
7	1268667	0.00904584909899501	0.0031458627465734
7	1277813	0.00904584909899501	0.0031458627465734
7	1287197	0.0135523908709316	0.00472156137487623
7	1287994	0.00857951881200861	0.00298313349660383
7	1296479	0.00674754229988101	0.00234443601175629
7	1299854	0.0112511439479398	0.00391623312336107
7	1300306	0.0112511439479398	0.00391623312336107
7	1312184	0.00537525875624313	0.00186661447660476
7	1313116	0.00689630917177874	0.00239626716228105
7	1316362	1.10224031246848	0.568062043080499
8	26150	0.954700649614823	0.468867249772062
8	28612	1.00160282290361	0.499577634962057
8	35881	0.961776774501029	0.47345170779219
8	81887	0.961776774501029	0.47345170779219
8	132714	1.30492313010772	0.716881973065431
8	164962	1.47444024599596	0.852747063889479
8	164995	1.47444024599596	0.852747063889479
8	165019	1.46587498632805	0.845629753688305
8	178552	1.15143144096142	0.602834098054022
8	182668	0.297345406612338	0.115656254569721
8	203744	0.465717816345874	0.192859196679974
8	246363	0.819583807460479	0.384625103928582
8	299740	0.979933253065104	0.48529414075374
8	300386	0.892288439908924	0.429178886898457
8	300389	0.96842340071528	0.477773676181426
8	300392	0.96842340071528	0.477773676181426
8	355261	0.968423400715279	0.477773676181425
8	370306	0.460540513301726	0.190353907197679
8	445672	-0.0814834199982798	0.0291616773758632
8	462119	-0.303115076323373	0.118157797392031
8	475172	-0.349836487093668	0.138787448043468
8	476021	-0.314454433607783	0.123103573880047
8	477170	-0.314412950052652	0.12308540928165
8	479042	-0.319459290584629	0.125298912139861
8	481474	-0.319595449864842	0.125358743683041
8	483479	-0.362959282867824	0.144701802763845
8	483699	-0.362959282867824	0.144701802763845
8	493095	-0.464067932234133	0.192059903270139
8	495313	-0.463431333481217	0.191751729647199
8	509259	-0.370692653054052	0.148211974211893
8	520584	-0.317238308744109	0.124323757372014
8	520880	-0.317238308744109	0.124323757372014
8	526923	-0.33561326204529	0.132436752890465
8	527228	-0.33561326204529	0.132436752890465
8	534633	-0.33561326204529	0.132436752890465
8	542194	-0.33561326204529	0.132436752890465
8	546395	-0.33561326204529	0.132436752890465
8	547410	-0.33561326204529	0.132436752890465
8	554879	-0.33561326204529	0.132436752890465
8	556808	-0.507875232223458	0.213574530790072
8	566065	-0.412834257645877	0.167664807634628
8	575867	-0.434008897465166	0.177647528532133
8	581205	-0.418607600458832	0.170372760303867
8	587594	-0.407424624954535	0.165136869551899
8	606856	-0.650242474636081	0.287741332034797
8	609986	-0.798912569583716	0.372284891933821
8	615371	-0.796047133953638	0.370585670586135
8	620887	-0.887709398964005	0.426319681147922
8	621512	-0.887709398964005	0.426319681147922
8	622369	-0.887709398964005	0.426319681147922
8	622463	-0.791992092584858	0.368185729955415
8	623688	-0.796233891297317	0.37069633462505
8	625101	-0.796465330078843	0.37083349117904
8	625950	-0.787370092119845	0.36545698682223
8	626077	-0.865462569517471	0.412530431039862
8	626100	-0.865338107986065	0.412453760912241
8	626480	-0.86452693846105	0.411954197866527
8	626535	-0.86386786798908	0.411548470859751
8	628826	-0.733066598081823	0.333933572915731
8	629218	-0.729256131529884	0.331758560370774
8	633354	-0.862400172745193	0.410645482025332
8	635130	-0.862888408478992	0.410945784088345
8	637861	-0.862592950662519	0.410764045390474
8	641817	-0.865645993911592	0.412643432774804
8	643053	-0.865841906351177	0.41276414064307
8	643370	-0.865841906351177	0.41276414064307
8	644876	-0.86506421961456	0.412285060244815
8	645315	-0.867095433661797	0.413536788106049
8	645539	-0.867070990660331	0.413521716843588
8	645723	-0.867070990660331	0.413521716843588
8	645821	-0.858633559142898	0.40833145658748
8	645946	-0.860310240741912	0.409360932364242
8	663609	-0.845901350115229	0.400545127131983
8	672421	-0.556849841295239	0.238350238712252
8	674383	-0.55898342393077	0.239447072176134
8	681613	-0.55898342393077	0.239447072176134
8	695441	-0.743577843951077	0.339958460569509
8	698252	-0.618742572916375	0.27076556740731
8	701727	-0.766733740596877	0.353361212005263
8	703707	-0.72248752012859	0.327906951266963
8	706200	-0.739083529986264	0.337377880842903
8	724420	-0.877909977494719	0.420224890306586
8	724426	-0.524155865748423	0.221725619402806
8	733536	-0.360406477536794	0.143547126346537
8	740270	-0.354733574032444	0.140988347674024
8	756899	-0.385993872006189	0.155211531649103
8	759577	-0.263372404587348	0.101130320032677
8	766409	-0.263372404587348	0.101130320032677
8	780115	-0.260842800772869	0.100062605817848
8	783560	-0.261638896513774	0.100398421184349
8	783617	-0.261638896513774	0.100398421184349
8	786426	-0.261638896513774	0.100398421184349
8	789174	-0.261401816351039	0.100298394317297
8	805928	-0.258954901979669	0.0992669961946833
8	808851	-0.258954901979669	0.0992669961946833
8	811629	-0.374533600879149	0.149962225944176
8	812954	-0.37363584387123	0.149552726634279
8	814167	-0.384885810810828	0.154702218703158
8	818732	-0.379427973277119	0.152199099417824
8	828248	-0.376551525140506	0.150883581453048
8	828453	-0.379604649260174	0.152279983887337
8	830758	-0.368691203024918	0.147301751074956
8	831625	-0.368691203024918	0.147301751074956
8	836332	-0.368691203024918	0.147301751074956
8	852203	-0.368691203024918	0.147301751074956
8	853182	-0.370464381027157	0.148108097878691
8	854358	-0.371693192782028	0.148667464307942
8	865009	-0.374215824655446	0.149817248337841
8	874728	-0.362159460272704	0.144339814095962
8	877940	-0.362159460272704	0.144339814095962
8	878600	-0.368478248196419	0.147204975724449
8	883570	-0.513555986130195	0.216409069139551
8	884132	-1.00593800611419	0.502454764653584
8	884617	-0.563079889273246	0.241557092288248
8	891449	-0.491607671890332	0.205514240614482
8	892813	-0.614240077247473	0.268365556912489
8	894661	-0.608082951981569	0.265094242282523
8	897276	-0.608287260704373	0.265202594872299
8	897725	-0.608143087984219	0.265126133254307
8	904709	-0.615887429268508	0.269242895767987
8	907220	-0.612408453420237	0.267391116439555
8	908358	-0.612408453420236	0.267391116439555
8	908971	-0.611061856453973	0.266675410898219
8	912569	-0.615222108098148	0.268888455857209
8	919875	-0.585588971488143	0.253247700419279
8	930103	-0.547656246850878	0.233640728983747
8	944277	-0.548491286675984	0.234067365318809
8	944352	-0.5776212522165	0.249090777099987
8	945822	-0.5776212522165	0.249090777099987
8	951945	-0.577621252216501	0.249090777099987
8	952184	-0.740876702723732	0.338406690942989
8	952484	-0.55649475506288	0.238167837897357
8	964783	-0.671585488093332	0.299428131682231
8	966913	-0.597382766472963	0.25943848313525
8	970433	-0.592627600919894	0.256936986097439
8	975871	-0.630675507531875	0.277158260766691
8	979720	-1.20014928997263	0.638118553672049
8	979860	-0.92443550697399	0.449454158949637
8	1001137	-0.447935073737045	0.184289423908663
8	1005724	-0.449984400316639	0.185271956199495
8	1018603	-0.449984400316639	0.185271956199495
8	1019097	-0.449984400316639	0.185271956199495
8	1025503	-0.509682615750888	0.214475250355738
8	1026391	-0.509682615750888	0.214475250355738
8	1031304	-0.509682615750888	0.214475250355738
8	1034063	-0.504457889630411	0.211874320015878
8	1040035	-0.700601828511425	0.315557231951319
8	1040541	-0.676747765678117	0.302277337740066
8	1041700	-0.674234642121555	0.300889177935874
8	1042258	-0.675758001180892	0.301730378793292
8	1045891	-0.673426995311098	0.300443504338553
8	1049169	-0.673913515523917	0.300711948953033
8	1050998	-0.674147666091994	0.300841172724687
8	1053000	-0.674483713009268	0.301026662934893
8	1053075	-0.674483713009268	0.301026662934893
8	1053158	-0.675146015695343	0.301392347753141
8	1057093	-0.676026654513275	0.301878808806578
8	1058585	-0.666890759324504	0.296844595497609
8	1063663	-0.666713795375501	0.29674735302465
8	1070238	-0.182148210808548	0.0677970359979833
8	1070455	-0.178722264242249	0.0664338648391606
8	1077854	-0.163989610966825	0.0606108943164987
8	1083743	-0.144455629605962	0.0529876935811342
8	1090645	-0.0879326654635209	0.0315496509686401
8	1095126	-0.0879326654635209	0.0315496509686401
8	1096950	-0.0879326654635209	0.0315496509686401
8	1099591	-0.0698774527635708	0.0248940578575774
8	1150042	-0.115916832516152	0.0420488346404877
8	1150077	-0.115916832516152	0.0420488346404877
8	1154740	-0.115916832516152	0.0420488346404877
8	1232237	-0.101303157048162	0.0365381054209061
8	1238422	-0.998663166542576	0.497630394499045
8	1252306	-1.39063333406662	0.784265589493061
8	1252793	-1.8067108074071	1.14992146438362
