CHR	POSITION	IHS	LOGPVALUE
1	31104	-0.29833585237504	0.116084963690329
1	31410	-0.29833585237504	0.116084963690329
1	40663	-0.29833585237504	0.116084963690329
1	52322	-0.29833585237504	0.116084963690329
1	73671	-0.29833585237504	0.116084963690329
1	74017	-0.29833585237504	0.116084963690329
1	82174	-0.29833585237504	0.116084963690329
1	83228	-0.29833585237504	0.116084963690329
1	83264	-0.29833585237504	0.116084963690329
1	84317	-0.29833585237504	0.116084963690329
1	85211	-0.29833585237504	0.116084963690329
1	85278	-0.29833585237504	0.116084963690329
1	87126	-0.29833585237504	0.116084963690329
1	107180	0.915115395851887	0.443539428717839
1	109428	0.915115395851887	0.443539428717839
1	132074	0.779038232837361	0.360556152071783
1	136286	0.975251480348695	0.482229561394884
1	303924	-1.66427507429174	1.01746885080367
1	698027	-0.154594059814835	0.0569304134735569
1	715530	0.788388344813328	0.366057527196682
1	732150	-0.474999669663637	0.197371833070192
1	755389	-0.33549496402643	0.132384192052148
1	758101	-1.52080461536706	0.891743299898789
1	773113	-0.127613551907822	0.0465037638737832
1	807015	0.416276341965432	0.169278046961487
1	814587	-1.58090788888497	0.943479706496984
1	844126	0	0
1	855001	1	0.498515545827989
2	23546	-0.0604530678637811	0.0214566750394507
2	23946	-0.161370961810177	0.059582519580455
2	40644	-0.161370961810177	0.059582519580455
2	41909	-0.161370961810176	0.0595825195804549
2	55683	0.910304694140413	0.440498134963419
2	60284	0.910304694140413	0.440498134963419
2	65095	0.910304694140413	0.440498134963419
2	65932	-0.174542874333886	0.0647755514401494
2	98233	-1.08857236042264	0.55855230075001
2	98242	-1.08857236042264	0.55855230075001
2	98245	-1.08857236042264	0.55855230075001
2	111770	1.84534204482518	1.18716817832695
2	113740	1.84534204482518	1.18716817832695
2	115723	0.707720103538177	0.319556524287885
2	146433	0.574864597003249	0.247657350123208
2	151591	0.574864597003248	0.247657350123208
2	160241	1.66527345172221	1.01837067327521
2	161404	1.66527345172221	1.01837067327521
2	165521	1.62158012673157	0.97925233115895
2	166888	1.62144515151755	0.979132595112001
2	168439	-0.975868140169449	0.482632778057323
2	168473	-1.1742727731521	0.619271920347811
2	172043	0.610778908035862	0.266525101063824
2	172561	0.610778908035862	0.266525101063824
2	173072	0.610778908035862	0.266525101063824
2	181477	0.610778908035862	0.266525101063824
2	181650	0.610778908035862	0.266525101063824
2	181854	0.610778908035862	0.266525101063824
2	182024	0.610778908035862	0.266525101063824
2	185029	0.610778908035862	0.266525101063824
2	186225	0.610778908035862	0.266525101063824
2	187750	0.610778908035862	0.266525101063824
2	189352	0.610778908035862	0.266525101063824
2	189948	0.610778908035862	0.266525101063824
2	195761	0.252540224174675	0.0965716519405146
2	198179	0.582520911835419	0.25164460025385
2	198180	0.582520911835419	0.25164460025385
2	202948	0.132441948956405	0.0483542432687108
2	229557	0.132441948956405	0.0483542432687106
2	230196	0.583622783425607	0.252219991773984
2	232084	-1.18212119141905	0.624962922148774
2	237046	-0.784870483438472	0.363984257251717
2	237908	-1.02875541207501	0.517705923265702
2	241490	-1.02875541207501	0.517705923265702
2	249335	-0.783368669477856	0.363100422269069
2	267621	-1.06126303893042	0.539748251730188
2	282383	-1.06126303893042	0.539748251730188
2	282713	-0.786102763270106	0.364710034396644
2	283102	-0.786102763270106	0.364710034396644
2	283330	-0.786102763270106	0.364710034396644
2	283543	-0.786102763270106	0.364710034396644
2	283672	-0.786102763270106	0.364710034396644
2	287664	-1.03142748102015	0.519503817686824
2	292951	-1.03142748102015	0.519503817686824
2	296881	-0.781096954338103	0.361764931512756
2	301577	-0.781096954338103	0.361764931512756
2	304525	-0.781096954338103	0.361764931512756
2	305137	-0.781096954338103	0.361764931512756
2	327378	-1.03543389557758	0.522204197764856
2	327578	-0.785764658367434	0.364510849589801
2	336076	-1.03755191339478	0.523634039009085
2	352109	-1.08115282259806	0.553417573337917
2	356342	-0.743293537308835	0.339795015597002
2	359393	-0.743293537308834	0.339795015597002
2	365814	-1.00225108146756	0.500007448655683
2	381947	-0.737946016771912	0.336725802728154
2	386699	-0.737946016771912	0.336725802728154
2	388085	-0.737946016771912	0.336725802728154
2	398419	-0.737946016771912	0.336725802728154
2	411698	-0.737946016771912	0.336725802728154
2	411968	-0.983875703075098	0.487880672198137
2	416247	-0.746581059116019	0.341686625348102
2	423427	-0.993330029283064	0.494105373115477
2	430031	-0.708950828964232	0.320249690403901
2	463571	-0.708950828964232	0.320249690403901
2	465440	-0.708950828964232	0.320249690403901
2	545038	-0.708950828964233	0.320249690403902
2	557007	-0.708950828964233	0.320249690403902
2	561273	-0.708950828964233	0.320249690403902
2	570663	-0.708950828964233	0.320249690403902
2	577564	-0.993055518571943	0.4939241984418
2	584178	-0.746503951378932	0.341642216959889
2	585521	-0.746503951378932	0.341642216959889
2	588254	-1.00745903195317	0.503465773654416
2	589928	-1.00745903195317	0.503465773654416
2	611546	-0.725327306475813	0.329521047625226
2	620053	-0.725327306475813	0.329521047625226
2	645307	-0.725327306475813	0.329521047625225
2	654388	-0.725327306475813	0.329521047625225
2	657007	-0.725327306475813	0.329521047625225
2	657159	-0.725327306475813	0.329521047625226
2	675350	-0.725327306475813	0.329521047625226
2	681722	-0.725327306475813	0.329521047625226
2	681862	-0.725327306475813	0.329521047625226
2	685966	-0.414991090134511	0.168675242161062
2	685967	-0.414991090134511	0.168675242161062
2	686016	-0.414991090134511	0.168675242161062
2	686144	0.00776476255124247	0.00269896324890941
2	686164	0.317043180839038	0.124238155271856
2	686168	0.317043180839038	0.124238155271856
2	703900	0.222477575526899	0.0841032911809257
2	715999	0.222477575526899	0.0841032911809259
2	746853	-0.355735149601948	0.14143939260313
2	750166	-1.71985834348732	1.06824628848923
2	785378	1.38134737021188	0.776835994821382
2	801683	-0.132920990458319	0.0485382022464816
2	801698	0.0456361126250208	0.016103080029078
2	822759	1.38333969507485	0.778427379226177
2	867406	-0.87990272249449	0.421461629387539
2	867690	-2.28015148798866	1.6459164393031
2	868610	0.168002284061677	0.0621905955517365
2	882846	-0.371384253925201	0.148526788698982
2	915396	0.467527854818741	0.193737064700232
2	919021	0.215506709508435	0.0812504832963445
2	927445	0.215506709508435	0.0812504832963445
2	928068	0.215506709508435	0.0812504832963445
3	7056	0.1611089504477	0.0594797344813696
3	10626	0.1611089504477	0.0594797344813696
3	15813	-1.07666276675531	0.550319616703309
3	15997	0.163552002583662	0.060438901298194
3	16876	-1.07468844366826	0.548959657843167
3	22643	0.16063791817216	0.059295002293885
3	23276	0.16063791817216	0.059295002293885
3	23846	0.16063791817216	0.059295002293885
3	26099	0.16063791817216	0.059295002293885
3	26125	0.16063791817216	0.059295002293885
3	27895	-1.05888726318834	0.538124779535921
3	34627	-1.05888726318834	0.538124779535921
3	36296	0.158015238096458	0.0582676048118357
3	46834	0.158015238096458	0.0582676048118357
3	50708	-1.02707411717812	0.516575946782162
3	58804	-1.02707411717812	0.516575946782162
3	76579	0.140056092016951	0.0512860315958887
3	78940	1.86026720876396	1.20171040089489
3	89160	0.347184782511621	0.137598760427562
3	94523	-1.37336050623886	0.770470965363175
3	94806	-0.0607072463208064	0.0215490531453263
3	95613	-0.0509016116323206	0.0179985108163145
3	96554	-1.34900815403255	0.751207139855384
3	102291	-1.34900815403255	0.751207139855384
3	103469	0.368887621977613	0.147391024233907
3	103639	-1.38291959639379	0.778091701742009
3	103794	-1.38291959639379	0.778091701742009
3	103948	-0.0618972330408546	0.0219817819748681
3	104045	-0.0618972330408546	0.0219817819748681
3	109686	-0.0338445458990657	0.0118866625985282
3	114518	-1.21055493518901	0.645764702993324
3	115087	-1.21055493518901	0.645764702993324
3	115535	-1.21055493518901	0.645764702993324
3	118260	-1.21055493518901	0.645764702993323
3	127366	0.0280888199114619	0.00984266717971364
3	134908	-1.90792489413266	1.24871377915244
3	135390	-1.3617273761411	0.761241690244108
3	135391	-1.3617273761411	0.761241690244108
3	138894	-1.8898604017592	1.23079529805649
3	145262	-0.517006094599769	0.218135595677632
3	148866	-0.517006094599769	0.218135595677632
3	150336	0.29095683385081	0.112898120569055
3	152405	-0.514046478187635	0.216654293129015
3	152407	-0.514046478187635	0.216654293129015
3	163073	-1.07884038787386	0.551821201474974
3	163924	-0.501396259711869	0.210354239052368
3	163990	1.02713479924366	0.516616713239536
3	173820	1.84144963695109	1.18338957715589
3	192170	1.62741136609063	0.984431702756664
3	199815	1.62741136609063	0.984431702756664
3	200362	1.62741136609063	0.984431702756664
3	201734	1.62741136609063	0.984431702756663
3	209502	1.62741136609063	0.984431702756663
3	218094	1.62741136609063	0.984431702756664
3	222215	1.62741136609063	0.984431702756664
3	222391	1.62741136609063	0.984431702756664
3	223545	1.62741136609063	0.984431702756664
3	224434	1.62741136609063	0.984431702756664
3	224719	1.62741136609063	0.984431702756664
3	224736	1.91234810162489	1.25312023770543
3	225022	1.65509465707038	1.00919380405277
3	226443	1.65509465707038	1.00919380405277
3	231270	1.91436565824374	1.25513263865139
3	231271	1.91436565824374	1.25513263865139
3	231272	1.91436565824374	1.25513263865139
3	231273	1.91436565824374	1.25513263865139
3	231442	1.65695373416314	1.01086698885683
3	231797	1.91266381785977	1.2534350444374
3	232480	1.65333609517122	1.00761227553223
3	233353	1.65333609517122	1.00761227553223
3	233818	1.65333609517122	1.00761227553223
3	233863	1.65333609517122	1.00761227553223
3	235069	1.65333609517122	1.00761227553223
3	235613	1.65333609517122	1.00761227553223
3	236451	1.65333609517122	1.00761227553223
3	237328	1.65333609517122	1.00761227553223
3	237383	1.65333609517122	1.00761227553223
3	237384	1.65333609517122	1.00761227553223
3	237385	1.65333609517122	1.00761227553223
3	237388	1.65333609517122	1.00761227553223
3	237391	1.65333609517122	1.00761227553223
3	237394	1.65333609517122	1.00761227553223
3	237796	2.36476243328186	1.74372398991733
3	240082	-1.20322435998901	0.640374109399225
3	240163	-0.0369228276756045	0.0129836350893174
3	240181	-0.0369228276756045	0.0129836350893174
3	240262	-0.603621850737437	0.262731734575976
3	240265	-0.603621850737437	0.262731734575976
3	240277	-0.0505465640860108	0.0178704587284272
3	240478	-0.0505465640860108	0.0178704587284272
3	248344	-0.0505465640860108	0.0178704587284272
3	248695	-0.0505465640860108	0.0178704587284272
3	250427	-0.603492394342389	0.26266327365648
3	251071	-0.509794495603061	0.214531040475892
3	252364	-0.509794495603061	0.214531040475892
3	252367	-0.509794495603061	0.214531040475892
3	278239	-0.509794495603061	0.214531040475892
3	339523	-1.230864146513	0.660799708885975
3	343070	-1.230864146513	0.660799708885975
3	348766	-1.230864146513	0.660799708885975
3	355620	-1.230864146513	0.660799708885975
3	360495	-1.230864146513	0.660799708885975
3	668648	-0.527566274180732	0.223443794184023
3	908697	-0.174037605900081	0.0645754152104892
3	908702	-0.174037605900081	0.0645754152104892
3	908955	-0.557567432297825	0.238718974891543
3	909215	0.0606247969035863	0.0215190858980829
3	909439	-0.557472967690642	0.238670424517008
3	910180	-0.557472967690642	0.238670424517008
3	910744	0.0580323078655439	0.0205777920882256
3	910794	0.0580323078655439	0.0205777920882256
3	910978	0.0580323078655439	0.0205777920882256
3	912899	-0.556294012386345	0.238064738274759
3	914553	-0.556294012386345	0.238064738274759
3	933539	0.0399327860205133	0.0140588249322292
3	934851	-0.556836783097518	0.238343530254626
3	937326	-0.556836783097518	0.238343530254626
3	939294	-0.556836783097518	0.238343530254626
3	940541	-0.556836783097518	0.238343530254626
3	941957	0.0492120412573215	0.0173894643097822
3	951923	-0.55317788987949	0.23646598759345
3	976435	-0.55317788987949	0.23646598759345
3	980581	-0.279334490081841	0.107912000857425
3	986577	-0.279334490081841	0.107912000857425
3	990685	-0.559493624191221	0.23970957323261
3	990686	-0.559493624191221	0.23970957323261
3	990687	-0.559493624191221	0.23970957323261
3	991106	0.823680711737635	0.387087990382932
3	993766	-0.704654626829194	0.317832176297909
3	995454	-0.707372815063516	0.319361016156579
3	998674	0.801658176668212	0.373915649211227
3	1004905	-0.710440433686572	0.321089333545961
3	1006498	-0.702085020705083	0.316389156542822
3	1007113	-0.702085020705083	0.316389156542822
3	1014545	-0.703714666619182	0.317304066991972
3	1019826	-0.453295290704609	0.186862122095873
3	1024093	-0.757622245822594	0.34806603897788
3	1032375	0.656224966416257	0.291002077999267
3	1071755	-0.785442559045876	0.364321129750689
3	1074355	-0.450292140802295	0.185419613677398
3	1074418	-1.27452064491587	0.693620096687785
3	1074422	-1.27452064491587	0.693620096687784
3	1074425	1.29986759637664	0.712990678423329
3	1074438	0.153233199218471	0.0563994571486535
3	1074439	0.153233199218471	0.0563994571486535
3	1074441	0.153233199218471	0.0563994571486535
3	1085814	1.66989631322962	1.02255132197164
4	216867	0.41988379791782	0.170972755312818
4	216868	0.41988379791782	0.170972755312818
4	216876	0.41988379791782	0.170972755312818
4	216990	0.41988379791782	0.170972755312818
4	219771	0.41988379791782	0.170972755312818
4	221362	0.41988379791782	0.170972755312818
4	229537	1.40259360067624	0.793881274450083
4	230324	1.40259360067624	0.793881274450083
4	230517	0.411136992653555	0.166870690069686
4	230794	0.411136992653555	0.166870690069686
4	232370	0.411136992653555	0.166870690069686
4	237249	0.411136992653555	0.166870690069686
4	237812	0.411136992653555	0.166870690069686
4	256412	0.393179207501133	0.158523444989056
4	261851	-2.48313001690543	1.88527714170608
4	262728	-0.951558004102189	0.466836750918287
4	264493	-2.38116965335877	1.76301552812293
4	293035	-1.36310713300428	0.7623337591492
4	294971	-1.36310713300428	0.7623337591492
4	312195	-2.20970671525908	1.56662187310615
4	320981	-1.37315504300064	0.770307530966356
4	396828	-2.19833338858653	1.55400127024667
4	399365	-1.33919964230307	0.743509106209795
4	408855	-2.19806388260856	1.55370281956449
4	425449	1.35728346474106	0.757729073280857
4	551146	0.480677368598375	0.200145620127713
4	568732	0.520617258423	0.219946784414723
4	582845	1.24992207453074	0.675042926773933
4	587056	0.43155986290915	0.176485776238401
4	625854	0.7025247245257	0.316635926990588
4	655206	1.32033350777342	0.728800572035773
4	675713	0.919054547575981	0.44603565189808
4	791159	0.675541494319282	0.301610776822113
4	806864	0.940394501918946	0.45965145000961
4	890254	0.940394501918946	0.45965145000961
4	900323	0.692719638837039	0.311148312436396
4	911755	1.04441522358904	0.528278134905497
4	912899	0.529101056663721	0.22421823533279
4	923333	2.16473224475107	1.51700934080057
4	928639	0.314222489314648	0.123002018057379
4	930187	0.558922289596338	0.239415623818726
4	935117	-1.04188301483403	0.526562783487906
4	943013	-0.567182625531524	0.243675759380122
4	943332	-0.567182625531524	0.243675759380122
4	962743	-0.0786714831929404	0.0281241962949242
4	973644	-0.0786714831929405	0.0281241962949242
4	976096	0.00764562276704986	0.0026574251626727
4	977018	0.00764562276704986	0.0026574251626727
4	977963	-1.37082023528356	0.768451404385066
4	978116	2.02884103682132	1.37187188834425
4	994328	2.20193155692773	1.55798858880405
4	996003	3.35840908761065	3.10572546877854
4	1002989	1.20680118618366	0.643001954592278
4	1089461	-1.09055907175616	0.559930504030819
5	168062	0.684012115458967	0.306301610491349
5	170080	0.684012115458967	0.306301610491349
5	308830	-0.024955714539635	0.0087339146558295
5	452244	0.225954341856953	0.0855315281923554
5	627816	0.225954341856953	0.0855315281923554
5	655171	-1.68347112415287	1.03487394358534
5	655669	-1.68347112415287	1.03487394358534
5	659024	-1.68347112415287	1.03487394358534
5	666859	-3.10811717616422	2.72518796621837
5	671266	-2.34101310814585	1.71598702390682
5	671272	-2.34101310814585	1.71598702390682
5	673433	-1.47749326599387	0.855290506409092
5	695336	-2.20940279886292	1.56628397179343
5	737858	0.598545444177876	0.260051235682099
5	772978	-0.711286770528694	0.321566714665097
5	773357	0.902304524773358	0.435458061570806
5	780443	-0.402773835990337	0.162970816746218
5	788196	-0.832472633393861	0.392392497550882
5	813249	0.802265402813363	0.374276655117388
5	823050	0.802265402813363	0.374276655117388
5	823735	0.637191884405045	0.280668826319448
5	825172	0.590711539195675	0.255931096286449
5	825243	-4.32749160147122	4.82154943116193
5	825723	0.978602952705084	0.484422584256321
5	826951	0.978602952705084	0.484422584256321
5	827712	0.978602952705083	0.484422584256321
5	828710	1.15310295621804	0.604030718271334
5	830697	1.23451953249947	0.663521508020235
5	838123	1.23451953249947	0.663521508020235
5	838144	1.23451953249947	0.663521508020235
5	838340	1.23451953249947	0.663521508020235
5	845569	0.312623439658839	0.122302325629529
5	846555	0.613614794009028	0.268032777830384
5	848024	0.461346390177337	0.190743314979504
5	852215	0.461346390177337	0.190743314979504
5	863560	1.28192927641045	0.699257913581961
5	895743	0.406355667000838	0.164638419333293
5	896768	0.406355667000838	0.164638419333293
5	902822	-0.206040936323122	0.077399641653075
5	921624	0.359423055260153	0.14310284261914
5	923631	1.07781891120305	0.551116631702023
5	936793	0.351948218459932	0.13973562210667
5	1009579	0.88238813123392	0.423006026216803
6	717905	-0.0811592913300503	0.0290419736661431
6	857791	0.653852470339705	0.289707548770077
6	883768	0.653852470339705	0.289707548770077
6	890729	0.653852470339705	0.289707548770077
6	892303	-0.0869544273548465	0.0311866759845821
6	893412	0.875560221102318	0.418768324092753
6	896036	-0.0867787653721154	0.0311215254922263
6	897010	0.86670740197025	0.413297556442168
6	910145	0.86670740197025	0.413297556442168
6	926355	1.12957409690667	0.587277894673347
6	931044	0.46499605008206	0.192509428357948
6	931126	1.13467279457571	0.590891567804848
6	932620	1.13467279457571	0.590891567804848
6	938952	-0.18530333711081	0.0690554896309059
6	944725	1.31177800651944	0.72217301064853
6	945648	0.629675570198032	0.276620792448418
6	946007	0.629675570198032	0.276620792448418
6	962525	-0.890045472400464	0.427777456156479
6	964653	-0.59630155167911	0.258869056516793
6	969109	-0.733987641057265	0.334460029241514
6	973643	-0.570151312809509	0.245212182824
6	974726	-0.887438018021502	0.42615045284837
6	998208	0.239900195752387	0.0912964792216623
6	1023215	-0.0795397797208041	0.028444319996091
6	1024745	0.523958961186707	0.221626531705186
6	1031627	0.523958961186707	0.221626531705186
6	1041532	0.0474414756948046	0.0167520821238565
6	1042552	0.0474414756948046	0.0167520821238565
6	1048630	-0.581564078569426	0.251145265478083
6	1048868	0.0502314144532329	0.0177568259908026
6	1056029	0.0502314144532333	0.0177568259908027
6	1067230	-0.565596524991121	0.242856048540298
6	1085318	-0.108978424316422	0.0394247744561063
6	1109275	-0.108978424316422	0.0394247744561063
6	1113482	-0.108978424316422	0.0394247744561061
6	1114115	-0.108978424316422	0.0394247744561063
6	1115209	-0.108978424316422	0.0394247744561061
6	1115722	-0.108978424316422	0.0394247744561063
6	1115787	-0.108978424316422	0.0394247744561063
6	1116871	-0.108978424316422	0.0394247744561063
6	1117130	-0.108978424316422	0.0394247744561063
6	1118145	-0.108978424316422	0.0394247744561063
6	1120209	-0.119936087516995	0.0435752110805406
6	1122668	-0.0921607421189974	0.033121611290998
6	1123475	-0.0921607421189974	0.033121611290998
6	1124140	-0.122570024041965	0.0445780091814364
6	1124238	-0.122570024041965	0.0445780091814364
6	1125122	-0.0914566116753122	0.0328594686193834
6	1125355	-0.120421268847929	0.0437597804818636
6	1125475	-0.120421268847929	0.0437597804818636
6	1125925	-0.120421268847929	0.0437597804818636
6	1125942	-0.120421268847929	0.0437597804818636
6	1125945	-0.120421268847929	0.0437597804818636
6	1126161	-0.120421268847929	0.0437597804818636
6	1127136	-0.12042126884793	0.0437597804818638
6	1127352	-0.0920207037915165	0.0330694647789858
6	1127373	-0.0920207037915165	0.0330694647789858
6	1127518	-0.0920207037915165	0.0330694647789858
6	1127997	-0.0920207037915165	0.0330694647789858
6	1128006	-0.0920207037915169	0.033069464778986
6	1128063	-0.0920207037915165	0.0330694647789858
6	1128078	-0.0920207037915165	0.0330694647789858
6	1128144	-0.0920207037915169	0.033069464778986
6	1128210	-0.0920207037915169	0.033069464778986
6	1128808	-0.0962246546228069	0.0346373386592983
6	1128864	-0.0734157759024311	0.0261910859484611
6	1128885	-0.0734157759024311	0.0261910859484611
6	1128917	-0.0734157759024311	0.0261910859484611
6	1128930	-0.0734157759024311	0.0261910859484611
6	1128982	-0.0734157759024311	0.0261910859484611
6	1128983	-0.0734157759024311	0.0261910859484611
6	1129201	-0.0734157759024311	0.0261910859484611
6	1129411	-0.103102246173722	0.0372132307929438
6	1129453	-0.103102246173722	0.0372132307929438
6	1129471	-0.103102246173722	0.0372132307929438
6	1129518	-0.0726652688005722	0.0259156795146769
6	1129565	-0.103309229012809	0.0372909624418359
6	1129581	-0.103309229012809	0.0372909624418359
6	1129661	-0.0726629092720708	0.0259148139125905
6	1129663	-0.103069966424385	0.0372011093554022
6	1129801	-0.103069966424385	0.0372011093554022
6	1129849	-0.103069966424385	0.0372011093554022
6	1129886	-0.072928532587841	0.0260122687486566
6	1130104	-0.072928532587841	0.0260122687486566
6	1130124	-0.072928532587841	0.0260122687486566
6	1130125	-0.072928532587841	0.0260122687486566
6	1130369	-0.072928532587841	0.0260122687486566
6	1130400	-0.072928532587841	0.0260122687486566
6	1130432	-0.072928532587841	0.0260122687486566
6	1130736	-0.102310596876284	0.0369160428271954
6	1131643	-0.0735895624416408	0.0262548814889821
6	1132329	-0.0735895624416408	0.0262548814889821
6	1133281	-0.0735895624416408	0.0262548814889821
6	1133357	-0.0735895624416406	0.026254881488982
6	1133818	-0.102625699389399	0.0370343119643708
6	1133976	-0.102625699389399	0.0370343119643708
6	1133994	-0.102625699389399	0.0370343119643708
6	1134060	-0.0726693979676835	0.0259171943192734
6	1134109	-0.103100347350166	0.0372125177534101
6	1134194	-0.103100347350166	0.0372125177534101
6	1134354	-0.0728103736016731	0.0259689147981434
6	1135026	-0.102191023088699	0.0368711699785198
6	1135691	-0.0729584151091807	0.0260232336310019
6	1135721	-0.0729584151091807	0.0260232336310019
6	1136050	-0.0729584151091803	0.0260232336310018
6	1136252	-0.102906677047008	0.0371397967790746
6	1136633	-0.0729472092243344	0.0260191217927383
6	1136672	-0.0729472092243344	0.0260191217927383
6	1136700	-0.0729472092243344	0.0260191217927383
6	1137713	-0.100914128094652	0.0363922402588777
6	1137820	-0.100914128094652	0.0363922402588777
6	1139276	-0.0734407889308164	0.0262002674884466
6	1139902	-0.0734407889308164	0.0262002674884466
6	1140237	-0.0734407889308164	0.0262002674884466
6	1140898	-0.102561156179167	0.0370100842988585
6	1140917	-0.102561156179167	0.0370100842988585
6	1141165	-0.0740509342203381	0.0264242886048539
6	1141839	-0.0740509342203381	0.0264242886048539
6	1142134	-0.0740509342203381	0.0264242886048539
6	1143557	-0.0740509342203385	0.0264242886048541
6	1143607	-0.0740509342203385	0.0264242886048541
6	1143769	-0.0740509342203381	0.0264242886048539
6	1144525	-0.0740509342203381	0.0264242886048539
6	1144701	-0.100895161209778	0.0363851297918386
6	1145833	-0.100895161209778	0.0363851297918386
6	1146096	-0.074416839271535	0.0265586850041787
6	1146405	-0.074416839271535	0.0265586850041787
6	1146870	-0.074416839271535	0.0265586850041787
6	1147144	-0.0966591275407285	0.0347996638358779
6	1148231	-0.0966795815004481	0.0348073070499124
6	1148396	-0.0966795815004481	0.0348073070499124
6	1148870	-0.0966795815004477	0.0348073070499123
6	1149101	-0.0966795815004481	0.0348073070499124
6	1149551	-0.0966795815004481	0.0348073070499124
6	1150475	-0.0966795815004477	0.0348073070499123
6	1150955	-0.126054184567181	0.0459075731873847
6	1151346	-0.126054184567182	0.0459075731873849
6	1151462	-0.126054184567182	0.0459075731873849
6	1151535	-0.126054184567182	0.0459075731873849
6	1152255	-0.0953928503255059	0.0343267151839726
6	1152300	-0.0953928503255059	0.0343267151839726
6	1152774	-0.0953928503255059	0.0343267151839726
6	1153087	-0.0953928503255059	0.0343267151839726
6	1153341	-0.127224981632759	0.0463551368222765
6	1153478	-0.127224981632759	0.0463551368222765
6	1153681	-0.127224981632759	0.0463551368222765
6	1153687	-0.127224981632759	0.0463551368222767
6	1153867	-0.0969932463633987	0.0349245319598234
6	1155698	-0.0969932463633991	0.0349245319598236
6	1155863	-0.0969932463633991	0.0349245319598236
6	1157154	-0.0969932463633991	0.0349245319598236
6	1158521	-0.0969932463633987	0.0349245319598234
6	1159922	-0.126221127291234	0.0459713666787185
6	1160705	-0.0956138635393657	0.0344092296335906
6	1161079	-0.0956138635393657	0.0344092296335906
6	1161354	-0.0956138635393657	0.0344092296335906
6	1161355	-0.0956138635393657	0.0344092296335906
6	1161356	-0.0956138635393657	0.0344092296335906
6	1161629	-0.0956138635393657	0.0344092296335906
6	1161642	-0.0956138635393657	0.0344092296335906
6	1161755	-0.0956138635393661	0.0344092296335908
6	1162649	-0.127276231900945	0.0463747374169727
6	1162676	-0.127276231900945	0.0463747374169727
6	1162800	-0.0949748076190909	0.0341706786232227
6	1163160	-0.126080742682142	0.0459177212501391
6	1163610	-0.126080742682142	0.0459177212501391
6	1163632	-0.126080742682142	0.0459177212501391
6	1164660	-0.0958418325791268	0.0344943556156648
6	1165082	-0.0958418325791268	0.0344943556156648
6	1165164	-0.0958418325791264	0.0344943556156647
6	1166408	-0.0958418325791264	0.0344943556156647
6	1166482	-0.0958418325791268	0.0344943556156648
6	1166762	-0.125683357201061	0.0457658983808211
6	1166982	-0.125683357201061	0.0457658983808211
6	1169013	-0.116215918486917	0.0421622575229448
6	1169052	-0.116215918486917	0.0421622575229448
6	1169121	-0.116215918486917	0.0421622575229448
6	1169196	-0.116215918486917	0.0421622575229448
6	1173263	-0.116215918486917	0.0421622575229446
6	1174801	-0.116215918486917	0.0421622575229446
6	1175808	-0.116215918486917	0.0421622575229446
6	1177126	-0.116215918486917	0.0421622575229446
6	1182743	-0.116215918486917	0.0421622575229446
6	1184912	-0.116215918486916	0.0421622575229445
6	1197039	-0.116215918486917	0.0421622575229446
6	1202673	-0.116215918486917	0.0421622575229448
6	1214010	-0.253019725901997	0.0967727053799312
6	1217125	-0.253019725901997	0.0967727053799312
6	1218994	-0.253019725901996	0.0967727053799311
6	1225912	-1.9014413727673	1.24226832166478
6	1227408	-1.349190309687	0.751350432173896
6	1227764	-1.349190309687	0.751350432173896
6	1235753	-1.349190309687	0.751350432173896
6	1242156	-0.178763364186976	0.0664501979912517
6	1243062	-0.178763364186977	0.0664501979912518
6	1245532	-0.178763364186977	0.0664501979912517
6	1253071	-1.4633150282578	0.843507797053256
7	32597	0.807736083638932	0.377534670297042
7	33460	1.16605067980049	0.613333492149706
7	35758	-0.512896603867291	0.216079528435168
7	35914	2.12963560202908	1.47883955595038
7	36007	3.54249926133114	3.40191617064377
7	36057	-0.0990865293545121	0.0357075667340028
7	36067	0.54316936671074	0.231352135741486
7	36120	1.61706073669541	0.975246896362917
7	36282	0.327706449898171	0.128933086798353
7	36352	-0.231938269639054	0.0879980914019323
7	36625	0.115531613291975	0.0419027851407991
7	36628	0.115531613291975	0.0419027851407991
7	36631	-1.1408951089574	0.59531407972034
7	36646	0.904518282919441	0.43685052386749
7	36652	0.904809427257707	0.437033779758189
7	36658	-2.29269943586258	1.66024426069272
7	36949	-0.214786106505486	0.0809563985103389
7	37405	-0.541157059882376	0.230327829220633
7	37406	-0.246901404111866	0.0942124659138142
7	49049	0.724618766991968	0.329118072312915
7	60420	-0.154564588676941	0.056918909251505
7	60601	1.92682527208919	1.26759490962989
7	61650	-0.157129654954349	0.0579211421032406
7	66127	0.192529127629516	0.071948568092629
7	68492	0.192529127629516	0.071948568092629
7	82381	0.192529127629516	0.071948568092629
7	84388	0.282928908132608	0.109449699135335
7	85330	0.272048431189965	0.10480693896295
7	87355	0.272048431189965	0.10480693896295
7	102114	0.235372691760054	0.0894185574124842
7	115311	-0.552518853931598	0.236128263988299
7	116536	0.404440232279911	0.163746149366456
7	121178	0.404440232279911	0.163746149366456
7	129380	0.324725344084089	0.127617048871715
7	155222	-0.266430897608897	0.102423832970648
7	165357	-0.266430897608897	0.102423832970648
7	169956	-0.266430897608897	0.102423832970648
7	171411	-1.47242818199028	0.851072709489381
7	171539	-2.97950488137481	2.5395312089925
7	172677	-0.454083605543306	0.187241244478109
7	172987	-2.98903303433389	2.55305626515965
7	183433	-1.56827565618616	0.932494640253938
7	185661	-1.56827565618616	0.932494640253938
7	200215	-1.18536582692844	0.627322069348635
7	210709	-1.18536582692844	0.627322069348635
7	300162	0.807197008225338	0.377213180401627
7	301268	-0.25837005092939	0.0990207412324342
7	305857	-0.310156547858348	0.121224416306461
7	306198	-0.310156547858348	0.121224416306461
7	315204	0.408151670394295	0.165476090543308
7	315208	0.408151670394295	0.165476090543308
7	318927	-0.310001113480288	0.121156561053145
7	326071	2.33512067644927	1.7091395122448
7	328180	1.13871285261662	0.593761477526252
7	330324	0.408131540764754	0.16546669635515
7	334563	0.408131540764754	0.16546669635515
7	335845	2.66259429583954	2.11046949577901
7	337183	2.66259429583954	2.11046949577901
7	347124	0.411793611518173	0.167177803019497
7	347491	0.411793611518173	0.167177803019497
7	350671	-1.01224325971825	0.506651049541923
7	361046	-1.00891957130778	0.504437336121532
7	378869	-1.00891957130778	0.504437336121532
7	379031	-1.00891957130778	0.504437336121532
7	411487	-0.193822598495395	0.0724680686553381
7	422683	-0.193822598495395	0.0724680686553381
7	448015	-1.00714472594023	0.503256791906876
7	469460	-1.22753256992655	0.658323192752889
7	473567	-0.939212403440578	0.458893118355657
7	476602	-1.13577426853698	0.591673441064566
7	482247	-1.20706011861834	0.643192366276687
7	492153	0.30180786944009	0.117590151700623
7	493226	0.30180786944009	0.117590151700623
7	493335	-1.20767436502138	0.643644161844901
7	500630	0.325530262569306	0.127972121027242
7	509033	-0.489805263889553	0.204626348593322
7	520137	0.390318657100143	0.157203025472431
7	526169	0.390318657100143	0.157203025472431
7	537185	-0.488869167277406	0.204165620288738
7	554067	0.103967580163736	0.0375382852797869
7	559344	-0.50249865586098	0.210901228855267
7	606760	0.225453919966722	0.0853257367532843
7	608350	0.225453919966722	0.0853257367532843
7	610009	0.225453919966722	0.0853257367532842
7	666943	0.225453919966722	0.0853257367532843
7	713340	0.225453919966722	0.0853257367532842
7	722064	-0.204238588572268	0.0766694122416304
7	735689	0.497384153202117	0.208366761404106
7	767446	0.497384153202117	0.208366761404106
7	768936	0.497384153202117	0.208366761404106
7	808308	-0.0519551686084228	0.0183786972728188
7	821339	0.820135479143012	0.384956415028988
7	828199	-0.0571461461841	0.0202564746647332
7	829727	0.658526028995374	0.292259394952975
7	837666	0.658526028995374	0.292259394952975
7	860410	0.658526028995374	0.292259394952975
7	866854	-0.0291587410443368	0.010221921454845
7	875319	-0.029158741044336	0.0102219214548447
7	932569	0.793545608338292	0.369104510578346
7	949719	-0.0365090963933436	0.0128360441018381
7	949794	-0.0365090963933436	0.0128360441018381
7	949932	-0.0365090963933436	0.0128360441018381
7	950253	-1.13352745235457	0.590079010934341
7	950256	1.89694764724354	1.23781040136733
7	950259	1.89218738328182	1.23309647823796
7	950283	0.583757055391415	0.25229013472566
7	950376	0.8691609390422	0.41481108961948
7	950379	2.95032455663997	2.49833797523616
7	950517	0.267670288007335	0.102948800797377
7	950637	1.20718398662986	0.643283463833533
7	963897	2.25340678050446	1.61558363470862
7	970131	2.25340678050446	1.61558363470862
7	1025871	2.25340678050446	1.61558363470862
7	1050552	0.407589730887709	0.165213889372831
7	1051098	0.407589730887709	0.165213889372831
7	1052491	1.58515486720223	0.947186241529679
7	1055357	1.58515486720223	0.947186241529679
7	1055442	1.03859127664055	0.524336270933558
7	1055627	1.58426184163686	0.946406299168553
7	1055661	1.036364911798	0.522832519286832
7	1055689	1.036364911798	0.522832519286832
7	1055982	1.036364911798	0.522832519286832
7	1055999	1.036364911798	0.522832519286832
7	1056119	1.58428956827899	0.946430510339078
7	1056211	0.623580094028094	0.273351519602334
7	1056216	0.623580094028094	0.273351519602334
7	1056221	0.623580094028094	0.273351519602334
7	1056333	1.15509733927912	0.605459774690895
7	1056345	1.15509733927912	0.605459774690895
7	1056356	1.15509733927912	0.605459774690895
7	1056357	1.15509733927912	0.605459774690895
7	1056368	1.15509733927912	0.605459774690895
7	1056429	1.70185845910593	1.05167554235644
7	1056493	1.70185845910593	1.05167554235644
7	1056601	1.15542961881863	0.605698003801978
7	1056715	1.73317347148959	1.08058276358834
7	1056717	1.73317347148959	1.08058276358834
7	1056750	1.73317347148959	1.08058276358834
7	1056753	1.73317347148959	1.08058276358834
7	1056767	1.73317347148959	1.08058276358835
7	1056770	1.73317347148959	1.08058276358834
7	1056792	1.16158854327804	0.61012077308033
7	1056799	1.16158854327804	0.61012077308033
7	1056802	1.16158854327804	0.61012077308033
7	1056803	1.16158854327804	0.61012077308033
7	1056814	1.16158854327804	0.61012077308033
7	1056831	1.16158854327804	0.61012077308033
7	1056838	1.16158854327804	0.61012077308033
7	1056841	1.16158854327804	0.61012077308033
7	1056858	1.16158854327804	0.61012077308033
7	1056868	1.16158854327804	0.61012077308033
7	1056889	1.16158854327804	0.61012077308033
7	1056899	1.16158854327804	0.61012077308033
7	1056923	1.16158854327804	0.61012077308033
7	1056925	1.16158854327804	0.61012077308033
7	1056959	1.16158854327804	0.61012077308033
7	1056966	1.16158854327804	0.61012077308033
7	1056974	1.16158854327804	0.61012077308033
7	1056979	1.16158854327804	0.61012077308033
7	1056991	1.16158854327804	0.61012077308033
7	1057000	1.71007021283808	1.05922017842861
7	1057023	1.15620291725593	0.606252575022056
7	1057043	1.15620291725593	0.606252575022056
7	1057063	1.15620291725593	0.606252575022056
7	1057064	1.15620291725593	0.606252575022056
7	1057066	1.15620291725593	0.606252575022056
7	1057067	1.15620291725593	0.606252575022056
7	1057074	1.15620291725593	0.606252575022056
7	1057084	1.15620291725593	0.606252575022056
7	1057086	1.15620291725593	0.606252575022056
7	1057119	1.15620291725593	0.606252575022056
7	1057121	1.15620291725593	0.606252575022056
7	1057158	1.15620291725593	0.606252575022056
7	1057170	1.15620291725593	0.606252575022056
7	1057179	1.15620291725593	0.606252575022055
7	1057185	1.15620291725593	0.606252575022056
7	1057187	1.15620291725593	0.606252575022055
7	1057188	1.15620291725593	0.606252575022056
7	1057191	1.15620291725593	0.606252575022056
7	1057251	1.15620291725593	0.606252575022056
7	1057308	1.15620291725593	0.606252575022056
7	1057470	1.15620291725593	0.606252575022056
7	1057544	1.15620291725593	0.606252575022056
7	1057560	1.15620291725593	0.606252575022056
7	1057564	1.15620291725593	0.606252575022056
7	1057625	1.15620291725593	0.606252575022056
7	1057630	1.15620291725593	0.606252575022056
7	1057633	1.15620291725593	0.606252575022056
7	1057650	1.15620291725593	0.606252575022056
7	1057665	1.15620291725593	0.606252575022056
7	1057666	1.15620291725593	0.606252575022056
7	1057680	1.15620291725593	0.606252575022056
7	1057703	1.15620291725593	0.606252575022056
7	1057704	1.15620291725593	0.606252575022056
7	1057712	1.15620291725593	0.606252575022056
7	1057713	1.15620291725593	0.606252575022056
7	1057725	1.15620291725593	0.606252575022056
7	1057813	1.15620291725593	0.606252575022056
7	1057890	1.71302647235809	1.06194248618987
7	1057946	1.71302647235809	1.06194248618987
7	1057947	1.71302647235809	1.06194248618987
7	1057950	1.71302647235809	1.06194248618987
7	1058005	1.71302647235809	1.06194248618987
7	1058033	1.71302647235809	1.06194248618987
7	1058058	1.71302647235809	1.06194248618987
7	1058065	1.71302647235809	1.06194248618987
7	1058935	1.71302647235809	1.06194248618987
7	1065843	1.71302647235809	1.06194248618987
7	1073164	0.736106845226039	0.335672412039227
7	1075327	0.736106845226039	0.335672412039227
7	1076039	0.736106845226039	0.335672412039227
7	1079596	0.736106845226039	0.335672412039228
7	1146918	-0.131639084349195	0.048046079958516
7	1147058	-0.131639084349195	0.048046079958516
7	1148344	-0.131639084349195	0.048046079958516
7	1168329	-1.47603854828269	0.854078166271035
7	1169115	-1.94473394744271	1.28561149261696
7	1173363	-1.57065570988439	0.934559811734432
7	1189417	-1.62634105145609	0.983480085330911
7	1193605	-3.45650429906798	3.26182972203833
7	1194057	-3.45650429906798	3.26182972203833
7	1196878	-3.45650429906798	3.26182972203833
7	1200973	-3.10832061931334	2.72548694477023
7	1208946	-1.62370283402439	0.981136272658358
7	1209973	-3.19187512290572	2.8496967195791
7	1210097	-3.19187512290572	2.8496967195791
7	1210423	-0.733193320716251	0.334005989185052
7	1210531	-1.68701531818721	1.03810259886611
7	1210574	-1.68701531818721	1.03810259886611
7	1210624	-1.68701531818721	1.03810259886611
7	1210642	-0.807009136492899	0.377101161855301
7	1211098	-1.87717797548722	1.21828981522167
7	1211197	-2.993058680269	2.55878161062106
7	1219760	-1.48709207433843	0.863309566559152
7	1222178	-1.48709207433843	0.863309566559152
7	1222320	-2.99854278169868	2.56659172088688
7	1225903	-3.30761953259577	3.02644477528046
7	1226429	-1.73595378589813	1.08316716278853
7	1228951	-1.44780701678688	0.830704696408662
7	1230049	-1.44780701678688	0.830704696408662
7	1234761	-1.74992307818654	1.09619625146989
7	1235059	-1.80696172630532	1.15016156204538
7	1235306	-1.80696172630532	1.15016156204538
7	1240882	-1.75094949536748	1.0971564909467
7	1244570	0.227814707493806	0.0862972287186692
7	1249220	0.227814707493806	0.0862972287186692
7	1249945	-0.81360285344191	0.381039794033738
7	1255902	-0.618299413997494	0.270529053035207
7	1260268	-1.75317106534509	1.09923618901545
7	1260493	-0.617286571403475	0.269988738074209
7	1260643	-0.617286571403475	0.269988738074209
7	1262644	-0.617286571403475	0.269988738074209
7	1264275	-0.764264342117249	0.351923368076712
7	1264881	-0.64067972904518	0.28255353508023
7	1267786	-0.64067972904518	0.28255353508023
7	1268667	-0.64067972904518	0.28255353508023
7	1277813	-0.64067972904518	0.28255353508023
7	1287197	-0.733682714782543	0.334285706021015
7	1287994	-0.63240151461897	0.278086761271631
7	1296479	-1.73872334964176	1.08574446794288
7	1299854	-0.633209155713881	0.278521563653852
7	1300306	-0.633209155713881	0.278521563653852
7	1312184	-0.699061174013773	0.31469384765406
7	1313116	-0.699061174013773	0.31469384765406
7	1316362	1.84343527112776	1.18531643497132
8	26150	-0.566684618523267	0.24341829761566
8	28612	-1.11483700453694	0.576884801383372
8	35881	0.0133520170690902	0.00465138151671578
8	81887	0.0133520170690902	0.00465138151671578
8	132714	0.0133520170690902	0.00465138151671578
8	164962	0.116343259177072	0.0422105569460366
8	164995	0.116343259177072	0.0422105569460366
8	165019	-0.944882638463337	0.462535035709011
8	178552	-0.760999339001567	0.350025406099147
8	182668	0.166338214004078	0.0615349180643614
8	203744	0.166338214004078	0.0615349180643614
8	246363	1.48626985357846	0.8626213343511
8	299740	-0.775989494861418	0.358768697638331
8	300386	-1.32847929920661	0.735135403715837
8	300389	-1.32847929920661	0.735135403715837
8	300392	-1.32847929920661	0.735135403715837
8	355261	-1.32847929920661	0.735135403715837
8	370306	-1.32847929920661	0.735135403715837
8	445672	-0.932080051082972	0.454327837725026
8	462119	-0.932080051082972	0.454327837725026
8	475172	-0.0295034099834233	0.0103441641017281
8	476021	-0.0718743364296174	0.0256256112573843
8	477170	0.900507534550565	0.43432898287317
8	479042	-1.00486243921963	0.501740333409752
8	481474	-0.0749743400683741	0.0267635271910441
8	483479	-0.0749743400683741	0.0267635271910441
8	483699	-0.0749743400683741	0.0267635271910441
8	493095	-1.00401165580455	0.501175496886057
8	495313	-0.0748749781862085	0.0267270122628203
8	509259	-0.240111211854756	0.0913841534614893
8	520584	0.341698435960922	0.13514621710457
8	520880	0.341698435960922	0.13514621710457
8	526923	0.367868407830383	0.146927916689335
8	527228	0.367868407830383	0.146927916689335
8	534633	0.367868407830382	0.146927916689335
8	542194	0.367868407830382	0.146927916689335
8	546395	0.367868407830382	0.146927916689335
8	547410	0.367868407830382	0.146927916689335
8	554879	0.367868407830382	0.146927916689335
8	556808	0.367868407830382	0.146927916689335
8	566065	0.367868407830382	0.146927916689335
8	575867	0.367868407830382	0.146927916689335
8	581205	0.367868407830383	0.146927916689335
8	587594	0.367868407830382	0.146927916689335
8	606856	-0.668707378466235	0.297843431335022
8	609986	-0.668707378466235	0.297843431335022
8	615371	-0.668707378466235	0.297843431335022
8	620887	-0.872591010980676	0.416930465600718
8	621512	-0.872591010980676	0.416930465600718
8	622369	-0.872591010980676	0.416930465600718
8	622463	-0.678035894778565	0.302989660929303
8	623688	-0.866087500424083	0.412915477412649
8	625101	-0.677830231854138	0.302875894598298
8	625950	0.679011101984314	0.303529304992162
8	626077	-0.597854519359099	0.25968705271954
8	626100	-0.597854519359099	0.25968705271954
8	626480	-0.597854519359099	0.25968705271954
8	626535	-0.597854519359099	0.25968705271954
8	628826	-0.597854519359099	0.25968705271954
8	629218	-0.597854519359098	0.25968705271954
8	633354	-0.802096940817407	0.374176489239479
8	635130	-0.598640079764753	0.260101129678515
8	637861	-0.80294558437111	0.374681181802297
8	641817	-0.598126193657962	0.259830232387173
8	643053	-0.598126193657962	0.259830232387173
8	643370	-0.598126193657962	0.259830232387173
8	644876	-0.797745113419981	0.37159224925183
8	645315	-0.59912665259731	0.260357707628205
8	645539	-0.79661083807691	0.370919732183339
8	645723	-0.79661083807691	0.370919732183339
8	645821	-0.79661083807691	0.370919732183339
8	645946	-0.596960067579748	0.259215821728923
8	663609	-0.836018226261233	0.3945390996549
8	672421	-0.836018226261233	0.3945390996549
8	674383	-0.595385198189161	0.258386751650258
8	681613	-0.595385198189161	0.258386751650258
8	695441	-0.826498801684017	0.388785403665459
8	698252	-0.826498801684017	0.388785403665459
8	701727	-0.826498801684017	0.388785403665459
8	703707	-0.590576814375175	0.255860413504194
8	706200	-0.590576814375175	0.255860413504194
8	724420	-0.436116294277465	0.178648720003699
8	724426	-0.21218916875433	0.0798978375020066
8	733536	-0.21218916875433	0.0798978375020067
8	740270	-0.493231216590305	0.206314903884354
8	756899	-0.493231216590305	0.206314903884354
8	759577	-0.217023068177558	0.0818698249701134
8	766409	-0.217023068177558	0.0818698249701134
8	780115	-0.458150228900059	0.189200100450535
8	783560	-0.219313867148988	0.0828067693558447
8	783617	-0.219313867148988	0.0828067693558446
8	786426	-0.219313867148988	0.0828067693558446
8	789174	-0.496229383473347	0.207795670416027
8	805928	-0.496229383473347	0.207795670416027
8	808851	-0.496229383473347	0.207795670416027
8	811629	-0.21747129724941	0.0820530299439097
8	812954	-0.21747129724941	0.0820530299439097
8	814167	-0.21747129724941	0.0820530299439097
8	818732	-0.21747129724941	0.0820530299439097
8	828248	-0.514442825124365	0.216852504795748
8	828453	-0.514442825124365	0.216852504795748
8	830758	-0.514442825124366	0.216852504795748
8	831625	-0.514442825124365	0.216852504795748
8	836332	-0.514442825124365	0.216852504795748
8	852203	-0.514442825124365	0.216852504795748
8	853182	-0.220550132983821	0.0833130515682444
8	854358	-0.53146191617579	0.225410979899838
8	865009	-0.531461916175789	0.225410979899838
8	874728	-0.53146191617579	0.225410979899838
8	877940	-0.53146191617579	0.225410979899838
8	878600	-0.53146191617579	0.225410979899838
8	883570	0.471790239401958	0.195808401946261
8	884132	0.471790239401959	0.195808401946261
8	884617	-0.155862667077435	0.0574258605898364
8	891449	-0.155862667077435	0.0574258605898364
8	892813	0.174149591184323	0.0646197660142534
8	894661	-0.0545496208411125	0.0193162625959872
8	897276	0.17413085815916	0.0646123467063448
8	897725	-0.0600128978410994	0.0212967436444511
8	904709	0.17562769582398	0.0652055000235835
8	907220	0.17562769582398	0.0652055000235835
8	908358	0.17562769582398	0.0652055000235835
8	908971	-0.0540851125112387	0.019148262523495
8	912569	0.175122911922864	0.0650053956322351
8	919875	-0.0784396018403311	0.0280387424406564
8	930103	0.176829529829138	0.0656822260232725
8	944277	-0.311670226255737	0.121885599662849
8	944352	-0.311670226255737	0.121885599662849
8	945822	-0.311670226255737	0.121885599662849
8	951945	-0.311670226255737	0.121885599662849
8	952184	-0.311670226255737	0.121885599662849
8	952484	-0.311670226255737	0.121885599662849
8	964783	-0.311670226255737	0.121885599662849
8	966913	-0.311670226255737	0.121885599662849
8	970433	-0.311670226255737	0.121885599662849
8	975871	-0.311670226255736	0.121885599662849
8	979720	-0.311670226255737	0.121885599662849
8	979860	-0.311670226255737	0.121885599662849
8	1001137	0.84940526277055	0.40268243522406
8	1005724	-0.185218970097338	0.0690218010410791
8	1018603	-0.185218970097338	0.0690218010410791
8	1019097	-0.185218970097338	0.0690218010410793
8	1025503	-0.185218970097338	0.0690218010410791
8	1026391	-0.185218970097338	0.0690218010410791
8	1031304	-0.185218970097338	0.0690218010410791
8	1034063	-0.185218970097337	0.069021801041079
8	1040035	1.34950432282423	0.751597478198176
8	1040541	-0.271982811220238	0.104779046547566
8	1041700	-0.022811265959121	0.00797660888160278
8	1042258	-0.022811265959121	0.00797660888160278
8	1045891	-0.0653228250484057	0.023229702022447
8	1049169	1.59307584374291	0.954117190494713
8	1050998	-0.0656584994037428	0.0233521642389366
8	1053000	1.53352000202889	0.902576842364202
8	1053075	1.53352000202889	0.902576842364202
8	1053158	1.53352000202889	0.902576842364203
8	1057093	1.53352000202889	0.902576842364203
8	1058585	-0.0699636671937177	0.0249256189891066
8	1063663	1.55370599921699	0.919898441268492
8	1070238	1.17769896322585	0.621753600864811
8	1070455	0.264880099181537	0.101767611151118
8	1077854	1.17676018587668	0.621073203524748
8	1083743	-0.592560694772959	0.256901841814844
8	1090645	-0.0710187993810417	0.025312049168374
8	1095126	-0.0710187993810421	0.0253120491683741
8	1096950	-0.0710187993810417	0.025312049168374
8	1099591	-0.0710187993810417	0.025312049168374
8	1150042	NA	NA
8	1150077	NA	NA
8	1154740	NA	NA
8	1232237	-2.10618244682009	1.45359915562507
8	1238422	-0.573977479688995	0.247196581854717
8	1252306	-2.12429241887118	1.47307044123008
8	1252793	-0.556621465210725	0.238232921755069
